1-8;[7,13,9];[1,2,3,12,13,14,9,8,7,8];198.0;[13.0,9.0,7.0];28;16;[2.0,5.0,3.0,2.0,4.0,0.0,0.0,0.0,0.0,0.0,0.0,0.0,0.0,0.0,0.0,0.0,0.0,0.0,0.0,0.0];0.00017070770263671875
2-8;[12,4,11];[2,3,12,11,12,3,4,5,6,14,9,8];229.0;[12.0,11.0,4.0];26;33;[0.0,10.0,10.0,12.0,1.0,0.0,0.0,0.0,0.0,0.0,0.0,0.0,0.0,0.0,0.0,0.0,0.0,0.0,0.0,0.0];0.00018835067749023438
1-10;[7,8,11];[1,0,11,13,6,7,8,9,10];233.0;[11.0,7.0,8.0];14;16;[2.0,6.0,2.0,5.0,1.0,0.0,0.0,0.0,0.0,0.0,0.0,0.0,0.0,0.0,0.0,0.0,0.0,0.0,0.0,0.0];0.0002689361572265625
1-7;[2,11,9];[1,2,3,12,11,13,14,9,8,7];204.0;[2.0,11.0,9.0];8;14;[2.0,6.0,5.0,1.0,0.0,0.0,0.0,0.0,0.0,0.0,0.0,0.0,0.0,0.0,0.0,0.0,0.0,0.0,0.0,0.0];0.0001633167266845703
2-10;[5,4,1];[2,1,2,3,4,5,6,14,9,10];171.0;[1.0,4.0,5.0];9;15;[2.0,6.0,4.0,3.0,0.0,0.0,0.0,0.0,0.0,0.0,0.0,0.0,0.0,0.0,0.0,0.0,0.0,0.0,0.0,0.0];0.0003123283386230469
1-9;[7,3,12];[1,2,3,12,13,6,7,8,9];182.0;[3.0,12.0,7.0];10;19;[1.0,9.0,8.0,1.0,0.0,0.0,0.0,0.0,0.0,0.0,0.0,0.0,0.0,0.0,0.0,0.0,0.0,0.0,0.0,0.0];0.0002701282501220703
0-8;[6,10,13];[0,11,13,6,14,9,10,9,8];208.0;[13.0,6.0,10.0];17;13;[2.0,6.0,3.0,1.0,1.0,0.0,0.0,0.0,0.0,0.0,0.0,0.0,0.0,0.0,0.0,0.0,0.0,0.0,0.0,0.0];0.0002300739288330078
2-7;[3,1,8];[2,1,2,3,4,5,6,14,9,8,7];182.0;[1.0,3.0,8.0];10;19;[1.0,9.0,8.0,1.0,0.0,0.0,0.0,0.0,0.0,0.0,0.0,0.0,0.0,0.0,0.0,0.0,0.0,0.0,0.0,0.0];0.00031065940856933594
3-8;[5,12,0];[3,2,1,0,1,2,3,12,3,4,5,6,14,9,8];262.0;[0.0,12.0,5.0];26;37;[0.0,9.0,12.0,15.0,1.0,0.0,0.0,0.0,0.0,0.0,0.0,0.0,0.0,0.0,0.0,0.0,0.0,0.0,0.0,0.0];0.00047850608825683594
2-9;[1,4,3];[2,1,2,3,4,5,6,14,9];144.0;[1.0,3.0,4.0];12;22;[1.0,8.0,10.0,3.0,0.0,0.0,0.0,0.0,0.0,0.0,0.0,0.0,0.0,0.0,0.0,0.0,0.0,0.0,0.0,0.0];0.00016832351684570312
0-7;[4,5,8];[0,1,2,3,4,5,6,14,9,8,7];201.0;[4.0,5.0,8.0];18;13;[2.0,6.0,3.0,0.0,2.0,0.0,0.0,0.0,0.0,0.0,0.0,0.0,0.0,0.0,0.0,0.0,0.0,0.0,0.0,0.0];0.0002727508544921875
3-10;[12,2,8];[3,2,3,12,13,14,9,8,9,10];207.0;[2.0,12.0,8.0];13;22;[1.0,8.0,10.0,2.0,1.0,0.0,0.0,0.0,0.0,0.0,0.0,0.0,0.0,0.0,0.0,0.0,0.0,0.0,0.0,0.0];8.130073547363281e-05
8-12;[7,9,0];[8,7,8,9,14,13,11,0,1,2,3,12];262.0;[7.0,9.0,0.0];30;35;[1.0,5.0,11.0,13.0,5.0,0.0,0.0,0.0,0.0,0.0,0.0,0.0,0.0,0.0,0.0,0.0,0.0,0.0,0.0,0.0];0.0002636909484863281
1-14;[0,4,9];[1,0,1,2,3,4,5,6,14,9,14];211.0;[0.0,4.0,9.0];12;18;[1.0,10.0,4.0,1.0,2.0,0.0,0.0,0.0,0.0,0.0,0.0,0.0,0.0,0.0,0.0,0.0,0.0,0.0,0.0,0.0];0.0001728534698486328
0-9;[2,13,5];[0,1,2,3,12,13,6,5,6,14,9];205.0;[2.0,13.0,5.0];12;12;[2.0,7.0,1.0,0.0,2.0,0.0,0.0,0.0,0.0,0.0,0.0,0.0,0.0,0.0,0.0,0.0,0.0,0.0,0.0,0.0];7.200241088867188e-05
8-11;[3,14,0];[8,9,14,6,5,4,3,2,1,0,11];219.0;[14.0,3.0,0.0];16;20;[2.0,5.0,4.0,6.0,3.0,0.0,0.0,0.0,0.0,0.0,0.0,0.0,0.0,0.0,0.0,0.0,0.0,0.0,0.0,0.0];0.0009806156158447266
0-10;[2,12,7];[0,1,2,3,12,13,6,7,8,9,10];238.0;[2.0,12.0,7.0];10;19;[1.0,9.0,8.0,1.0,0.0,0.0,0.0,0.0,0.0,0.0,0.0,0.0,0.0,0.0,0.0,0.0,0.0,0.0,0.0,0.0];0.0007030963897705078
3-7;[1,9,0];[3,2,1,0,11,13,14,9,8,7];228.0;[1.0,0.0,9.0];13;25;[0.0,12.0,10.0,3.0,0.0,0.0,0.0,0.0,0.0,0.0,0.0,0.0,0.0,0.0,0.0,0.0,0.0,0.0,0.0,0.0];0.0003268718719482422
3-9;[11,13,1];[3,2,1,0,11,13,14,9];190.0;[1.0,11.0,13.0];13;21;[1.0,9.0,6.0,4.0,1.0,0.0,0.0,0.0,0.0,0.0,0.0,0.0,0.0,0.0,0.0,0.0,0.0,0.0,0.0,0.0];0.0002734661102294922
2-14;[4,6,1];[2,1,2,3,4,5,6,14];125.0;[1.0,4.0,6.0];7;12;[2.0,7.0,2.0,1.0,0.0,0.0,0.0,0.0,0.0,0.0,0.0,0.0,0.0,0.0,0.0,0.0,0.0,0.0,0.0,0.0];0.0004749298095703125
10-12;[7,8,9];[10,9,8,7,6,13,12];169.0;[9.0,8.0,7.0];24;32;[0.0,10.0,11.0,11.0,0.0,0.0,0.0,0.0,0.0,0.0,0.0,0.0,0.0,0.0,0.0,0.0,0.0,0.0,0.0,0.0];0.00023126602172851562
7-12;[4,11,14];[7,6,14,6,5,4,3,12,11,12];218.0;[14.0,4.0,11.0];24;23;[1.0,8.0,7.0,2.0,5.0,0.0,0.0,0.0,0.0,0.0,0.0,0.0,0.0,0.0,0.0,0.0,0.0,0.0,0.0,0.0];0.00023221969604492188
7-11;[12,2,0];[7,6,13,12,3,2,1,0,11];212.0;[12.0,2.0,0.0];23;15;[2.0,5.0,4.0,4.0,0.0,0.0,0.0,0.0,0.0,0.0,0.0,0.0,0.0,0.0,0.0,0.0,0.0,0.0,0.0,0.0];8.058547973632812e-05
9-12;[8,1,6];[9,8,9,14,6,5,4,3,2,1,2,3,12];208.0;[8.0,6.0,1.0];18;25;[1.0,8.0,7.0,6.0,3.0,0.0,0.0,0.0,0.0,0.0,0.0,0.0,0.0,0.0,0.0,0.0,0.0,0.0,0.0,0.0];0.00020647048950195312
1-6;[14,4,11];[1,0,11,12,3,4,5,6,14,6];217.0;[11.0,4.0,14.0];39;30;[1.0,6.0,7.0,10.0,6.0,0.0,0.0,0.0,0.0,0.0,0.0,0.0,0.0,0.0,0.0,0.0,0.0,0.0,0.0,0.0];0.00022292137145996094
0-14;[4,6,8];[0,1,2,3,4,5,6,14,9,8,9,14];216.0;[4.0,6.0,8.0];32;26;[1.0,7.0,6.0,10.0,2.0,0.0,0.0,0.0,0.0,0.0,0.0,0.0,0.0,0.0,0.0,0.0,0.0,0.0,0.0,0.0];9.036064147949219e-05
9-11;[7,1,3];[9,8,7,6,5,4,3,2,1,0,11];242.0;[7.0,3.0,1.0];18;20;[2.0,5.0,3.0,8.0,2.0,0.0,0.0,0.0,0.0,0.0,0.0,0.0,0.0,0.0,0.0,0.0,0.0,0.0,0.0,0.0];0.0002536773681640625
4-10;[1,0,6];[4,3,2,1,0,11,13,6,14,9,10];260.0;[1.0,0.0,6.0];25;32;[0.0,10.0,11.0,10.0,1.0,0.0,0.0,0.0,0.0,0.0,0.0,0.0,0.0,0.0,0.0,0.0,0.0,0.0,0.0,0.0];0.00021076202392578125
3-14;[13,1,8];[3,2,1,2,3,12,13,14,9,8,9,14];219.0;[1.0,13.0,8.0];18;23;[1.0,9.0,4.0,5.0,4.0,0.0,0.0,0.0,0.0,0.0,0.0,0.0,0.0,0.0,0.0,0.0,0.0,0.0,0.0,0.0];0.00019812583923339844
2-6;[14,3,9];[2,3,4,5,6,14,9,14,6];160.0;[3.0,14.0,9.0];22;22;[2.0,5.0,1.0,10.0,4.0,0.0,0.0,0.0,0.0,0.0,0.0,0.0,0.0,0.0,0.0,0.0,0.0,0.0,0.0,0.0];7.319450378417969e-05
10-13;[1,11,14];[10,9,14,6,5,4,3,2,1,0,11,13];266.0;[14.0,1.0,11.0];37;32;[1.0,6.0,6.0,14.0,5.0,0.0,0.0,0.0,0.0,0.0,0.0,0.0,0.0,0.0,0.0,0.0,0.0,0.0,0.0,0.0];0.00027108192443847656
4-11;[0,9,3];[4,5,6,14,9,14,6,5,4,3,2,1,0,11];269.0;[9.0,3.0,0.0];31;40;[0.0,9.0,10.0,15.0,6.0,0.0,0.0,0.0,0.0,0.0,0.0,0.0,0.0,0.0,0.0,0.0,0.0,0.0,0.0,0.0];0.0001926422119140625
4-8;[0,9,5];[4,5,4,3,2,1,0,11,13,14,9,8];275.0;[5.0,0.0,9.0];28;37;[0.0,9.0,12.0,13.0,3.0,0.0,0.0,0.0,0.0,0.0,0.0,0.0,0.0,0.0,0.0,0.0,0.0,0.0,0.0,0.0];0.00028228759765625
0-5;[13,4,8];[0,11,13,14,9,8,9,14,6,5,4,5];249.0;[13.0,8.0,4.0];30;25;[1.0,7.0,7.0,9.0,1.0,0.0,0.0,0.0,0.0,0.0,0.0,0.0,0.0,0.0,0.0,0.0,0.0,0.0,0.0,0.0];7.343292236328125e-05
0-6;[2,1,13];[0,1,2,3,12,13,6];135.0;[1.0,2.0,13.0];10;19;[1.0,9.0,8.0,1.0,0.0,0.0,0.0,0.0,0.0,0.0,0.0,0.0,0.0,0.0,0.0,0.0,0.0,0.0,0.0,0.0];0.00020003318786621094
1-13;[10,3,8];[1,2,3,12,11,10,9,8,9,14,13];263.0;[3.0,10.0,8.0];20;21;[2.0,5.0,2.0,9.0,3.0,0.0,0.0,0.0,0.0,0.0,0.0,0.0,0.0,0.0,0.0,0.0,0.0,0.0,0.0,0.0];0.0005121231079101562
1-5;[9,7,12];[1,2,3,12,13,14,9,8,7,6,5];232.0;[12.0,9.0,7.0];19;18;[2.0,6.0,0.0,6.0,4.0,0.0,0.0,0.0,0.0,0.0,0.0,0.0,0.0,0.0,0.0,0.0,0.0,0.0,0.0,0.0];6.771087646484375e-05
12-14;[6,4,7];[12,3,4,5,6,7,6,14];177.0;[4.0,6.0,7.0];34;29;[1.0,5.0,13.0,7.0,3.0,0.0,0.0,0.0,0.0,0.0,0.0,0.0,0.0,0.0,0.0,0.0,0.0,0.0,0.0,0.0];0.0003380775451660156
5-10;[0,9,8];[5,4,3,2,1,0,11,13,14,9,8,9,10];305.0;[0.0,9.0,8.0];48;46;[0.0,8.0,6.0,23.0,9.0,0.0,0.0,0.0,0.0,0.0,0.0,0.0,0.0,0.0,0.0,0.0,0.0,0.0,0.0,0.0];0.0002613067626953125
5-11;[14,1,12];[5,6,14,6,5,4,3,2,1,2,3,12,11];220.0;[14.0,1.0,12.0];28;35;[0.0,10.0,9.0,12.0,4.0,0.0,0.0,0.0,0.0,0.0,0.0,0.0,0.0,0.0,0.0,0.0,0.0,0.0,0.0,0.0];9.489059448242188e-05
11-14;[1,10,0];[11,0,1,0,11,10,9,14];255.0;[0.0,1.0,10.0];25;30;[0.0,11.0,9.0,5.0,5.0,0.0,0.0,0.0,0.0,0.0,0.0,0.0,0.0,0.0,0.0,0.0,0.0,0.0,0.0,0.0];0.0003819465637207031
8-13;[2,4,14];[8,9,14,6,5,4,3,2,3,12,13];212.0;[14.0,4.0,2.0];19;20;[2.0,5.0,3.0,7.0,3.0,0.0,0.0,0.0,0.0,0.0,0.0,0.0,0.0,0.0,0.0,0.0,0.0,0.0,0.0,0.0];0.0002636909484863281
1-8;[0,3,4];[1,0,1,2,3,4,5,6,14,9,8];209.0;[0.0,3.0,4.0];16;28;[0.0,11.0,12.0,4.0,1.0,0.0,0.0,0.0,0.0,0.0,0.0,0.0,0.0,0.0,0.0,0.0,0.0,0.0,0.0,0.0];0.000331878662109375
2-8;[0,5,7];[2,1,0,1,2,3,4,5,6,7,8];225.0;[0.0,5.0,7.0];13;19;[1.0,10.0,3.0,3.0,2.0,0.0,0.0,0.0,0.0,0.0,0.0,0.0,0.0,0.0,0.0,0.0,0.0,0.0,0.0,0.0];0.0003247261047363281
1-10;[4,14,5];[1,2,3,4,5,6,14,9,10];161.0;[4.0,5.0,14.0];10;9;[3.0,3.0,1.0,1.0,1.0,0.0,0.0,0.0,0.0,0.0,0.0,0.0,0.0,0.0,0.0,0.0,0.0,0.0,0.0,0.0];0.00013780593872070312
1-7;[9,2,8];[1,2,3,4,5,6,14,9,8,7];172.0;[2.0,9.0,8.0];9;13;[2.0,7.0,1.0,2.0,1.0,0.0,0.0,0.0,0.0,0.0,0.0,0.0,0.0,0.0,0.0,0.0,0.0,0.0,0.0,0.0];0.0002875328063964844
2-10;[13,3,4];[2,3,4,5,6,13,14,9,10];198.0;[3.0,4.0,13.0];12;18;[2.0,5.0,6.0,4.0,1.0,0.0,0.0,0.0,0.0,0.0,0.0,0.0,0.0,0.0,0.0,0.0,0.0,0.0,0.0,0.0];8.654594421386719e-05
1-9;[0,11,5];[1,0,11,13,6,5,6,14,9];200.0;[0.0,11.0,5.0];8;14;[2.0,6.0,5.0,1.0,0.0,0.0,0.0,0.0,0.0,0.0,0.0,0.0,0.0,0.0,0.0,0.0,0.0,0.0,0.0,0.0];0.000308990478515625
0-8;[4,10,9];[0,1,2,3,4,5,6,14,9,10,9,8];234.0;[4.0,9.0,10.0];27;19;[1.0,9.0,3.0,4.0,2.0,0.0,0.0,0.0,0.0,0.0,0.0,0.0,0.0,0.0,0.0,0.0,0.0,0.0,0.0,0.0];0.00028395652770996094
2-7;[14,8,3];[2,3,4,5,6,14,9,8,7];162.0;[3.0,14.0,8.0];9;13;[2.0,7.0,1.0,2.0,1.0,0.0,0.0,0.0,0.0,0.0,0.0,0.0,0.0,0.0,0.0,0.0,0.0,0.0,0.0,0.0];0.00016355514526367188
3-8;[6,4,10];[3,4,5,6,14,9,10,9,8];178.0;[4.0,6.0,10.0];11;15;[2.0,6.0,4.0,1.0,2.0,0.0,0.0,0.0,0.0,0.0,0.0,0.0,0.0,0.0,0.0,0.0,0.0,0.0,0.0,0.0];0.00026416778564453125
2-9;[12,4,7];[2,3,12,3,4,5,6,7,8,9];190.0;[12.0,4.0,7.0];8;14;[2.0,6.0,5.0,1.0,0.0,0.0,0.0,0.0,0.0,0.0,0.0,0.0,0.0,0.0,0.0,0.0,0.0,0.0,0.0,0.0];0.0001819133758544922
0-7;[5,8,13];[0,11,13,6,5,6,14,9,8,7];209.0;[13.0,5.0,8.0];18;13;[2.0,6.0,3.0,0.0,2.0,0.0,0.0,0.0,0.0,0.0,0.0,0.0,0.0,0.0,0.0,0.0,0.0,0.0,0.0,0.0];0.00016736984252929688
3-10;[5,7,14];[3,4,5,6,14,6,7,8,9,10];208.0;[5.0,14.0,7.0];24;17;[2.0,5.0,3.0,5.0,2.0,0.0,0.0,0.0,0.0,0.0,0.0,0.0,0.0,0.0,0.0,0.0,0.0,0.0,0.0,0.0];0.00026416778564453125
8-12;[9,13,3];[8,9,14,13,12,3,12];142.0;[9.0,13.0,3.0];10;15;[2.0,6.0,4.0,2.0,1.0,0.0,0.0,0.0,0.0,0.0,0.0,0.0,0.0,0.0,0.0,0.0,0.0,0.0,0.0,0.0];0.00019693374633789062
1-14;[5,10,6];[1,2,3,4,5,6,14,9,10,9,14];207.0;[5.0,6.0,10.0];34;27;[1.0,7.0,5.0,11.0,3.0,0.0,0.0,0.0,0.0,0.0,0.0,0.0,0.0,0.0,0.0,0.0,0.0,0.0,0.0,0.0];0.00023484230041503906
0-9;[10,8,5];[0,1,2,3,4,5,6,14,9,10,9,8,9];251.0;[5.0,10.0,8.0];42;32;[1.0,6.0,5.0,13.0,7.0,0.0,0.0,0.0,0.0,0.0,0.0,0.0,0.0,0.0,0.0,0.0,0.0,0.0,0.0,0.0];0.00014543533325195312
8-11;[1,3,10];[8,9,10,11,12,3,2,1,0,11];256.0;[10.0,3.0,1.0];24;21;[2.0,5.0,1.0,9.0,4.0,0.0,0.0,0.0,0.0,0.0,0.0,0.0,0.0,0.0,0.0,0.0,0.0,0.0,0.0,0.0];0.0003070831298828125
0-10;[6,4,1];[0,1,2,3,4,5,6,14,9,10];190.0;[1.0,4.0,6.0];7;12;[2.0,7.0,2.0,1.0,0.0,0.0,0.0,0.0,0.0,0.0,0.0,0.0,0.0,0.0,0.0,0.0,0.0,0.0,0.0,0.0];0.00022983551025390625
3-7;[9,12,5];[3,12,3,4,5,6,14,9,8,7];171.0;[12.0,5.0,9.0];9;13;[2.0,7.0,1.0,2.0,1.0,0.0,0.0,0.0,0.0,0.0,0.0,0.0,0.0,0.0,0.0,0.0,0.0,0.0,0.0,0.0];0.00026607513427734375
3-9;[11,14,2];[3,2,3,12,11,13,14,9];173.0;[2.0,11.0,14.0];10;19;[1.0,9.0,8.0,1.0,0.0,0.0,0.0,0.0,0.0,0.0,0.0,0.0,0.0,0.0,0.0,0.0,0.0,0.0,0.0,0.0];0.0002677440643310547
2-14;[3,10,11];[2,3,12,11,10,9,14];180.0;[3.0,11.0,10.0];8;14;[2.0,6.0,5.0,1.0,0.0,0.0,0.0,0.0,0.0,0.0,0.0,0.0,0.0,0.0,0.0,0.0,0.0,0.0,0.0,0.0];0.00023412704467773438
10-12;[3,1,5];[10,9,14,6,5,4,3,2,1,2,3,12];201.0;[5.0,3.0,1.0];23;13;[2.0,6.0,1.0,3.0,1.0,0.0,0.0,0.0,0.0,0.0,0.0,0.0,0.0,0.0,0.0,0.0,0.0,0.0,0.0,0.0];0.00028061866760253906
7-12;[1,5,10];[7,8,9,10,9,14,6,5,4,3,2,1,2,3,12];266.0;[10.0,5.0,1.0];20;28;[1.0,7.0,9.0,8.0,3.0,0.0,0.0,0.0,0.0,0.0,0.0,0.0,0.0,0.0,0.0,0.0,0.0,0.0,0.0,0.0];0.0002853870391845703
7-11;[4,12,2];[7,6,5,4,3,2,3,12,11];187.0;[4.0,2.0,12.0];14;12;[2.0,7.0,0.0,2.0,1.0,0.0,0.0,0.0,0.0,0.0,0.0,0.0,0.0,0.0,0.0,0.0,0.0,0.0,0.0,0.0];6.985664367675781e-05
9-12;[11,7,3];[9,8,7,6,13,11,12,3,12];195.0;[7.0,11.0,3.0];13;16;[2.0,6.0,3.0,2.0,3.0,0.0,0.0,0.0,0.0,0.0,0.0,0.0,0.0,0.0,0.0,0.0,0.0,0.0,0.0,0.0];0.0002760887145996094
1-6;[9,7,12];[1,2,3,12,13,14,9,8,7,6];215.0;[12.0,9.0,7.0];23;22;[2.0,5.0,1.0,9.0,5.0,0.0,0.0,0.0,0.0,0.0,0.0,0.0,0.0,0.0,0.0,0.0,0.0,0.0,0.0,0.0];0.0002455711364746094
0-14;[2,10,13];[0,1,2,3,12,13,14,9,10,9,14];241.0;[2.0,13.0,10.0];19;24;[1.0,9.0,3.0,7.0,4.0,0.0,0.0,0.0,0.0,0.0,0.0,0.0,0.0,0.0,0.0,0.0,0.0,0.0,0.0,0.0];0.00023651123046875
9-11;[2,5,1];[9,14,6,5,4,3,2,1,0,11];202.0;[5.0,2.0,1.0];16;15;[2.0,6.0,2.0,4.0,1.0,0.0,0.0,0.0,0.0,0.0,0.0,0.0,0.0,0.0,0.0,0.0,0.0,0.0,0.0,0.0];0.0002579689025878906
4-10;[11,12,13];[4,5,6,13,12,11,10];201.0;[13.0,12.0,11.0];30;25;[1.0,7.0,7.0,9.0,1.0,0.0,0.0,0.0,0.0,0.0,0.0,0.0,0.0,0.0,0.0,0.0,0.0,0.0,0.0,0.0];0.0002970695495605469
3-14;[5,8,2];[3,2,3,4,5,6,14,9,8,9,14];194.0;[2.0,5.0,8.0];18;23;[1.0,9.0,4.0,5.0,4.0,0.0,0.0,0.0,0.0,0.0,0.0,0.0,0.0,0.0,0.0,0.0,0.0,0.0,0.0,0.0];0.00016641616821289062
2-6;[8,0,5];[2,1,0,1,2,3,4,5,6,14,9,8,9,14,6];272.0;[0.0,5.0,8.0];33;37;[1.0,5.0,9.0,16.0,6.0,0.0,0.0,0.0,0.0,0.0,0.0,0.0,0.0,0.0,0.0,0.0,0.0,0.0,0.0,0.0];0.0002727508544921875
10-13;[6,8,9];[10,9,8,9,14,6,13];122.0;[9.0,8.0,6.0];15;21;[1.0,8.0,10.0,1.0,1.0,0.0,0.0,0.0,0.0,0.0,0.0,0.0,0.0,0.0,0.0,0.0,0.0,0.0,0.0,0.0];0.0001800060272216797
4-11;[6,14,2];[4,5,6,14,6,5,4,3,2,3,12,11];214.0;[6.0,14.0,2.0];34;38;[0.0,9.0,10.0,14.0,5.0,0.0,0.0,0.0,0.0,0.0,0.0,0.0,0.0,0.0,0.0,0.0,0.0,0.0,0.0,0.0];0.00018215179443359375
4-8;[1,13,10];[4,3,2,1,2,3,12,13,14,9,10,9,8];277.0;[1.0,13.0,10.0];19;27;[1.0,7.0,10.0,6.0,3.0,0.0,0.0,0.0,0.0,0.0,0.0,0.0,0.0,0.0,0.0,0.0,0.0,0.0,0.0,0.0];0.00025963783264160156
0-5;[3,11,8];[0,11,12,3,4,5,6,14,9,8,9,14,6,5];277.0;[11.0,3.0,8.0];34;34;[1.0,6.0,6.0,15.0,6.0,0.0,0.0,0.0,0.0,0.0,0.0,0.0,0.0,0.0,0.0,0.0,0.0,0.0,0.0,0.0];0.0002694129943847656
0-6;[2,9,13];[0,1,2,3,12,13,14,9,14,6];204.0;[2.0,13.0,9.0];16;18;[2.0,6.0,1.0,5.0,4.0,0.0,0.0,0.0,0.0,0.0,0.0,0.0,0.0,0.0,0.0,0.0,0.0,0.0,0.0,0.0];0.00032639503479003906
1-13;[4,14,8];[1,2,3,4,5,6,14,9,8,9,14,13];226.0;[4.0,14.0,8.0];24;17;[2.0,5.0,3.0,5.0,2.0,0.0,0.0,0.0,0.0,0.0,0.0,0.0,0.0,0.0,0.0,0.0,0.0,0.0,0.0,0.0];0.00023555755615234375
1-5;[11,6,14];[1,0,11,13,14,6,5];178.0;[11.0,14.0,6.0];20;15;[2.0,6.0,1.0,4.0,2.0,0.0,0.0,0.0,0.0,0.0,0.0,0.0,0.0,0.0,0.0,0.0,0.0,0.0,0.0,0.0];0.00020360946655273438
12-14;[7,8,4];[12,3,4,5,6,7,8,9,14];179.0;[4.0,7.0,8.0];15;16;[2.0,6.0,2.0,4.0,2.0,0.0,0.0,0.0,0.0,0.0,0.0,0.0,0.0,0.0,0.0,0.0,0.0,0.0,0.0,0.0];0.00018334388732910156
5-10;[12,7,3];[5,4,3,12,13,6,7,8,9,10];236.0;[3.0,12.0,7.0];24;31;[0.0,11.0,8.0,9.0,3.0,0.0,0.0,0.0,0.0,0.0,0.0,0.0,0.0,0.0,0.0,0.0,0.0,0.0,0.0,0.0];0.0008413791656494141
5-11;[9,1,4];[5,6,14,9,14,6,5,4,3,2,1,0,11];255.0;[9.0,4.0,1.0];26;36;[0.0,9.0,14.0,8.0,5.0,0.0,0.0,0.0,0.0,0.0,0.0,0.0,0.0,0.0,0.0,0.0,0.0,0.0,0.0,0.0];0.0002117156982421875
11-14;[7,1,5];[11,0,1,2,3,4,5,6,7,6,14];259.0;[1.0,5.0,7.0];19;26;[1.0,8.0,6.0,8.0,3.0,0.0,0.0,0.0,0.0,0.0,0.0,0.0,0.0,0.0,0.0,0.0,0.0,0.0,0.0,0.0];0.00036454200744628906
8-13;[12,10,11];[8,9,10,11,12,13];189.0;[10.0,11.0,12.0];13;17;[2.0,6.0,2.0,5.0,2.0,0.0,0.0,0.0,0.0,0.0,0.0,0.0,0.0,0.0,0.0,0.0,0.0,0.0,0.0,0.0];0.000270843505859375
1-8;[4,2,9];[1,2,3,4,5,6,14,9,8];151.0;[2.0,4.0,9.0];8;14;[2.0,6.0,5.0,1.0,0.0,0.0,0.0,0.0,0.0,0.0,0.0,0.0,0.0,0.0,0.0,0.0,0.0,0.0,0.0,0.0];0.0002384185791015625
2-8;[11,4,13];[2,3,12,11,13,6,5,4,5,6,14,9,8];238.0;[11.0,13.0,4.0];30;29;[0.0,11.0,7.0,9.0,2.0,0.0,0.0,0.0,0.0,0.0,0.0,0.0,0.0,0.0,0.0,0.0,0.0,0.0,0.0,0.0];0.00021529197692871094
1-10;[0,3,12];[1,0,1,2,3,12,11,10];202.0;[0.0,3.0,12.0];26;40;[0.0,8.0,15.0,15.0,2.0,0.0,0.0,0.0,0.0,0.0,0.0,0.0,0.0,0.0,0.0,0.0,0.0,0.0,0.0,0.0];0.00027942657470703125
1-7;[5,14,12];[1,2,3,12,3,4,5,6,14,6,7];196.0;[12.0,5.0,14.0];11;12;[2.0,7.0,1.0,1.0,1.0,0.0,0.0,0.0,0.0,0.0,0.0,0.0,0.0,0.0,0.0,0.0,0.0,0.0,0.0,0.0];0.0001621246337890625
2-10;[11,13,0];[2,1,0,11,13,14,9,10];200.0;[0.0,11.0,13.0];12;16;[2.0,6.0,3.0,3.0,2.0,0.0,0.0,0.0,0.0,0.0,0.0,0.0,0.0,0.0,0.0,0.0,0.0,0.0,0.0,0.0];0.0002791881561279297
1-9;[11,10,7];[1,0,11,10,9,8,7,8,9];244.0;[11.0,10.0,7.0];21;15;[2.0,6.0,1.0,3.0,3.0,0.0,0.0,0.0,0.0,0.0,0.0,0.0,0.0,0.0,0.0,0.0,0.0,0.0,0.0,0.0];0.00029754638671875
0-8;[10,4,2];[0,1,2,3,4,5,6,14,9,10,9,8];234.0;[2.0,4.0,10.0];10;15;[2.0,6.0,4.0,2.0,1.0,0.0,0.0,0.0,0.0,0.0,0.0,0.0,0.0,0.0,0.0,0.0,0.0,0.0,0.0,0.0];0.0002052783966064453
2-7;[8,14,0];[2,1,0,11,13,14,9,8,7];211.0;[0.0,14.0,8.0];9;13;[2.0,7.0,1.0,2.0,1.0,0.0,0.0,0.0,0.0,0.0,0.0,0.0,0.0,0.0,0.0,0.0,0.0,0.0,0.0,0.0];0.0001823902130126953
3-8;[13,11,0];[3,2,1,0,11,13,14,9,8];207.0;[0.0,11.0,13.0];17;29;[0.0,11.0,11.0,6.0,1.0,0.0,0.0,0.0,0.0,0.0,0.0,0.0,0.0,0.0,0.0,0.0,0.0,0.0,0.0,0.0];0.00038814544677734375
2-9;[4,13,12];[2,3,12,13,6,5,4,5,6,14,9];194.0;[12.0,13.0,4.0];20;17;[2.0,5.0,4.0,5.0,1.0,0.0,0.0,0.0,0.0,0.0,0.0,0.0,0.0,0.0,0.0,0.0,0.0,0.0,0.0,0.0];0.0002548694610595703
0-7;[12,10,11];[0,1,2,3,12,11,10,9,8,7];238.0;[12.0,11.0,10.0];19;23;[1.0,8.0,8.0,3.0,3.0,0.0,0.0,0.0,0.0,0.0,0.0,0.0,0.0,0.0,0.0,0.0,0.0,0.0,0.0,0.0];0.00030231475830078125
3-10;[9,13,7];[3,12,13,6,7,8,9,10];182.0;[13.0,7.0,9.0];11;12;[2.0,7.0,1.0,1.0,1.0,0.0,0.0,0.0,0.0,0.0,0.0,0.0,0.0,0.0,0.0,0.0,0.0,0.0,0.0,0.0];0.000396728515625
8-12;[10,1,2];[8,9,10,11,0,1,2,3,12];225.0;[10.0,1.0,2.0];20;21;[2.0,5.0,2.0,9.0,3.0,0.0,0.0,0.0,0.0,0.0,0.0,0.0,0.0,0.0,0.0,0.0,0.0,0.0,0.0,0.0];0.0002696514129638672
1-14;[5,3,13];[1,2,3,12,13,6,5,6,14];157.0;[3.0,13.0,5.0];12;12;[2.0,7.0,1.0,0.0,2.0,0.0,0.0,0.0,0.0,0.0,0.0,0.0,0.0,0.0,0.0,0.0,0.0,0.0,0.0,0.0];0.0002143383026123047
0-9;[10,1,11];[0,1,0,11,10,9];197.0;[1.0,11.0,10.0];13;22;[1.0,8.0,10.0,2.0,1.0,0.0,0.0,0.0,0.0,0.0,0.0,0.0,0.0,0.0,0.0,0.0,0.0,0.0,0.0,0.0];0.0002853870391845703
8-11;[13,0,4];[8,9,14,6,5,4,5,6,13,11,0,11];255.0;[4.0,13.0,0.0];27;22;[1.0,8.0,6.0,4.0,3.0,0.0,0.0,0.0,0.0,0.0,0.0,0.0,0.0,0.0,0.0,0.0,0.0,0.0,0.0,0.0];0.00024080276489257812
0-10;[3,14,11];[0,11,12,3,4,5,6,14,9,10];217.0;[11.0,3.0,14.0];17;22;[1.0,8.0,9.0,2.0,2.0,0.0,0.0,0.0,0.0,0.0,0.0,0.0,0.0,0.0,0.0,0.0,0.0,0.0,0.0,0.0];0.00020503997802734375
3-7;[6,13,8];[3,12,13,6,14,9,8,7];153.0;[13.0,6.0,8.0];16;14;[2.0,6.0,3.0,1.0,2.0,0.0,0.0,0.0,0.0,0.0,0.0,0.0,0.0,0.0,0.0,0.0,0.0,0.0,0.0,0.0];0.0001647472381591797
3-9;[10,14,6];[3,4,5,6,14,9,10,9];161.0;[6.0,14.0,10.0];24;13;[2.0,6.0,1.0,2.0,2.0,0.0,0.0,0.0,0.0,0.0,0.0,0.0,0.0,0.0,0.0,0.0,0.0,0.0,0.0,0.0];0.00012969970703125
2-14;[4,9,5];[2,3,4,5,6,14,9,14];143.0;[4.0,5.0,9.0];20;14;[2.0,6.0,2.0,1.0,3.0,0.0,0.0,0.0,0.0,0.0,0.0,0.0,0.0,0.0,0.0,0.0,0.0,0.0,0.0,0.0];0.0001823902130126953
10-12;[8,14,1];[10,9,8,9,14,6,5,4,3,2,1,2,3,12];235.0;[8.0,14.0,1.0];12;20;[1.0,9.0,7.0,2.0,1.0,0.0,0.0,0.0,0.0,0.0,0.0,0.0,0.0,0.0,0.0,0.0,0.0,0.0,0.0,0.0];0.0002944469451904297
7-12;[11,4,2];[7,6,5,4,3,2,3,12,11,12];218.0;[4.0,2.0,11.0];27;17;[2.0,5.0,2.0,6.0,2.0,0.0,0.0,0.0,0.0,0.0,0.0,0.0,0.0,0.0,0.0,0.0,0.0,0.0,0.0,0.0];0.0002551078796386719
7-11;[0,2,3];[7,6,5,4,3,2,1,0,11];204.0;[3.0,2.0,0.0];18;6;[3.0,3.0,0.0,0.0,0.0,0.0,0.0,0.0,0.0,0.0,0.0,0.0,0.0,0.0,0.0,0.0,0.0,0.0,0.0,0.0];0.0002715587615966797
9-12;[10,11,4];[9,10,9,14,6,5,4,3,12,11,12];236.0;[10.0,4.0,11.0];30;29;[1.0,7.0,6.0,9.0,6.0,0.0,0.0,0.0,0.0,0.0,0.0,0.0,0.0,0.0,0.0,0.0,0.0,0.0,0.0,0.0];0.00024199485778808594
1-6;[4,3,13];[1,2,3,4,5,6,13,6];148.0;[3.0,4.0,13.0];20;17;[2.0,5.0,5.0,1.0,4.0,0.0,0.0,0.0,0.0,0.0,0.0,0.0,0.0,0.0,0.0,0.0,0.0,0.0,0.0,0.0];0.0002110004425048828
0-14;[1,5,13];[0,1,2,3,12,13,6,5,6,14];186.0;[1.0,13.0,5.0];16;17;[2.0,5.0,6.0,1.0,3.0,0.0,0.0,0.0,0.0,0.0,0.0,0.0,0.0,0.0,0.0,0.0,0.0,0.0,0.0,0.0];0.00018215179443359375
9-11;[4,1,6];[9,14,6,5,4,3,2,1,0,11];202.0;[6.0,4.0,1.0];12;15;[2.0,6.0,3.0,4.0,0.0,0.0,0.0,0.0,0.0,0.0,0.0,0.0,0.0,0.0,0.0,0.0,0.0,0.0,0.0,0.0];0.0002887248992919922
4-10;[5,14,6];[4,5,6,14,9,10];94.0;[5.0,6.0,14.0];9;15;[2.0,6.0,4.0,3.0,0.0,0.0,0.0,0.0,0.0,0.0,0.0,0.0,0.0,0.0,0.0,0.0,0.0,0.0,0.0,0.0];9.703636169433594e-05
3-14;[6,13,12];[3,12,13,6,14];96.0;[12.0,13.0,6.0];7;12;[2.0,7.0,2.0,1.0,0.0,0.0,0.0,0.0,0.0,0.0,0.0,0.0,0.0,0.0,0.0,0.0,0.0,0.0,0.0,0.0];0.0002720355987548828
2-6;[3,7,5];[2,3,4,5,6,7,6];164.0;[3.0,5.0,7.0];16;18;[2.0,6.0,1.0,5.0,4.0,0.0,0.0,0.0,0.0,0.0,0.0,0.0,0.0,0.0,0.0,0.0,0.0,0.0,0.0,0.0];0.00031065940856933594
10-13;[5,3,0];[10,11,0,1,2,3,4,5,6,13];264.0;[0.0,3.0,5.0];25;20;[1.0,9.0,3.0,5.0,2.0,0.0,0.0,0.0,0.0,0.0,0.0,0.0,0.0,0.0,0.0,0.0,0.0,0.0,0.0,0.0];0.00025391578674316406
4-11;[10,1,7];[4,3,2,1,2,3,4,5,6,7,8,9,10,11];341.0;[1.0,7.0,10.0];43;42;[0.0,8.0,10.0,16.0,8.0,0.0,0.0,0.0,0.0,0.0,0.0,0.0,0.0,0.0,0.0,0.0,0.0,0.0,0.0,0.0];0.0008196830749511719
4-8;[10,13,5];[4,5,6,13,14,9,10,9,8];185.0;[5.0,13.0,10.0];9;14;[2.0,6.0,5.0,0.0,1.0,0.0,0.0,0.0,0.0,0.0,0.0,0.0,0.0,0.0,0.0,0.0,0.0,0.0,0.0,0.0];0.00019073486328125
0-5;[13,12,9];[0,1,2,3,12,13,14,9,14,6,5];221.0;[12.0,13.0,9.0];20;15;[2.0,6.0,1.0,4.0,2.0,0.0,0.0,0.0,0.0,0.0,0.0,0.0,0.0,0.0,0.0,0.0,0.0,0.0,0.0,0.0];0.00028777122497558594
0-6;[5,10,12];[0,1,2,3,12,11,10,9,14,6,5,6];270.0;[12.0,10.0,5.0];33;28;[0.0,11.0,7.0,7.0,3.0,0.0,0.0,0.0,0.0,0.0,0.0,0.0,0.0,0.0,0.0,0.0,0.0,0.0,0.0,0.0];0.0002532005310058594
1-13;[10,9,14];[1,0,11,10,9,14,13];226.0;[10.0,9.0,14.0];25;18;[2.0,4.0,6.0,6.0,0.0,0.0,0.0,0.0,0.0,0.0,0.0,0.0,0.0,0.0,0.0,0.0,0.0,0.0,0.0,0.0];0.0002319812774658203
1-5;[14,9,0];[1,0,11,13,14,9,14,6,5];216.0;[0.0,14.0,9.0];16;19;[2.0,5.0,4.0,7.0,1.0,0.0,0.0,0.0,0.0,0.0,0.0,0.0,0.0,0.0,0.0,0.0,0.0,0.0,0.0,0.0];0.00031447410583496094
12-14;[1,3,9];[12,3,2,1,2,3,4,5,6,14,9,14];193.0;[3.0,1.0,9.0];20;28;[0.0,11.0,11.0,4.0,2.0,0.0,0.0,0.0,0.0,0.0,0.0,0.0,0.0,0.0,0.0,0.0,0.0,0.0,0.0,0.0];0.0002646446228027344
5-10;[12,3,11];[5,4,3,12,11,10];171.0;[3.0,12.0,11.0];11;14;[2.0,6.0,4.0,2.0,0.0,0.0,0.0,0.0,0.0,0.0,0.0,0.0,0.0,0.0,0.0,0.0,0.0,0.0,0.0,0.0];0.00026154518127441406
5-11;[10,9,0];[5,6,14,9,10,11,0,11];231.0;[9.0,10.0,0.0];15;21;[1.0,9.0,6.0,2.0,3.0,0.0,0.0,0.0,0.0,0.0,0.0,0.0,0.0,0.0,0.0,0.0,0.0,0.0,0.0,0.0];0.0002579689025878906
11-14;[6,10,4];[11,10,9,14,6,5,4,5,6,14];215.0;[10.0,6.0,4.0];49;44;[0.0,8.0,7.0,20.0,9.0,0.0,0.0,0.0,0.0,0.0,0.0,0.0,0.0,0.0,0.0,0.0,0.0,0.0,0.0,0.0];0.00022363662719726562
8-13;[0,4,7];[8,7,6,5,4,3,2,1,0,11,13];262.0;[7.0,4.0,0.0];21;23;[2.0,5.0,1.0,10.0,5.0,0.0,0.0,0.0,0.0,0.0,0.0,0.0,0.0,0.0,0.0,0.0,0.0,0.0,0.0,0.0];0.0002560615539550781
1-8;[5,9,2];[1,2,3,4,5,6,14,9,8];151.0;[2.0,5.0,9.0];7;12;[2.0,7.0,2.0,1.0,0.0,0.0,0.0,0.0,0.0,0.0,0.0,0.0,0.0,0.0,0.0,0.0,0.0,0.0,0.0,0.0];0.0002601146697998047
2-8;[12,6,5];[2,3,12,3,4,5,6,14,9,8];167.0;[12.0,5.0,6.0];9;13;[2.0,7.0,1.0,2.0,1.0,0.0,0.0,0.0,0.0,0.0,0.0,0.0,0.0,0.0,0.0,0.0,0.0,0.0,0.0,0.0];0.00029277801513671875
1-10;[14,2,9];[1,2,3,4,5,6,14,9,10];161.0;[2.0,14.0,9.0];9;13;[2.0,7.0,1.0,2.0,1.0,0.0,0.0,0.0,0.0,0.0,0.0,0.0,0.0,0.0,0.0,0.0,0.0,0.0,0.0,0.0];0.00025343894958496094
1-7;[5,8,6];[1,2,3,4,5,6,14,9,8,7];172.0;[5.0,6.0,8.0];19;12;[2.0,6.0,3.0,0.0,1.0,0.0,0.0,0.0,0.0,0.0,0.0,0.0,0.0,0.0,0.0,0.0,0.0,0.0,0.0,0.0];0.0002524852752685547
2-10;[3,12,6];[2,3,12,13,6,14,9,10];159.0;[3.0,12.0,6.0];10;19;[1.0,9.0,8.0,1.0,0.0,0.0,0.0,0.0,0.0,0.0,0.0,0.0,0.0,0.0,0.0,0.0,0.0,0.0,0.0,0.0];0.00026869773864746094
1-9;[6,3,0];[1,0,1,2,3,4,5,6,14,9];192.0;[0.0,3.0,6.0];13;22;[1.0,8.0,10.0,2.0,1.0,0.0,0.0,0.0,0.0,0.0,0.0,0.0,0.0,0.0,0.0,0.0,0.0,0.0,0.0,0.0];6.556510925292969e-05
0-8;[5,4,10];[0,1,2,3,4,5,6,14,9,10,9,8];234.0;[4.0,5.0,10.0];17;13;[2.0,6.0,3.0,1.0,1.0,0.0,0.0,0.0,0.0,0.0,0.0,0.0,0.0,0.0,0.0,0.0,0.0,0.0,0.0,0.0];0.0002448558807373047
2-7;[3,12,4];[2,3,12,3,4,5,6,7];152.0;[3.0,12.0,4.0];19;27;[0.0,12.0,7.0,7.0,1.0,0.0,0.0,0.0,0.0,0.0,0.0,0.0,0.0,0.0,0.0,0.0,0.0,0.0,0.0,0.0];0.00023365020751953125
3-8;[9,10,4];[3,4,5,6,14,9,10,9,8];178.0;[4.0,9.0,10.0];16;17;[2.0,6.0,1.0,6.0,2.0,0.0,0.0,0.0,0.0,0.0,0.0,0.0,0.0,0.0,0.0,0.0,0.0,0.0,0.0,0.0];0.0003399848937988281
2-9;[13,11,5];[2,3,12,11,13,6,5,6,14,9];193.0;[11.0,13.0,5.0];11;9;[3.0,3.0,1.0,0.0,2.0,0.0,0.0,0.0,0.0,0.0,0.0,0.0,0.0,0.0,0.0,0.0,0.0,0.0,0.0,0.0];0.0003142356872558594
0-7;[11,2,6];[0,1,2,3,12,11,13,6,7];200.0;[2.0,11.0,6.0];14;22;[1.0,8.0,10.0,1.0,2.0,0.0,0.0,0.0,0.0,0.0,0.0,0.0,0.0,0.0,0.0,0.0,0.0,0.0,0.0,0.0];0.00029158592224121094
3-10;[9,5,7];[3,4,5,6,7,8,9,10];174.0;[5.0,7.0,9.0];11;12;[2.0,7.0,1.0,1.0,1.0,0.0,0.0,0.0,0.0,0.0,0.0,0.0,0.0,0.0,0.0,0.0,0.0,0.0,0.0,0.0];7.557868957519531e-05
8-12;[13,5,7];[8,7,6,5,6,13,12];159.0;[7.0,5.0,13.0];7;12;[2.0,7.0,2.0,1.0,0.0,0.0,0.0,0.0,0.0,0.0,0.0,0.0,0.0,0.0,0.0,0.0,0.0,0.0,0.0,0.0];0.00025200843811035156
1-14;[3,6,12];[1,2,3,12,13,6,14];123.0;[3.0,12.0,6.0];12;18;[1.0,9.0,8.0,0.0,0.0,0.0,0.0,0.0,0.0,0.0,0.0,0.0,0.0,0.0,0.0,0.0,0.0,0.0,0.0,0.0];0.0002357959747314453
0-9;[12,6,1];[0,1,2,3,12,13,6,14,9];171.0;[1.0,12.0,6.0];8;14;[2.0,6.0,5.0,1.0,0.0,0.0,0.0,0.0,0.0,0.0,0.0,0.0,0.0,0.0,0.0,0.0,0.0,0.0,0.0,0.0];0.00020074844360351562
8-11;[13,0,12];[8,9,14,13,12,3,2,1,0,11];224.0;[13.0,12.0,0.0];29;20;[2.0,4.0,4.0,8.0,2.0,0.0,0.0,0.0,0.0,0.0,0.0,0.0,0.0,0.0,0.0,0.0,0.0,0.0,0.0,0.0];0.00026726722717285156
0-10;[14,9,8];[0,11,13,14,9,8,9,10];195.0;[14.0,9.0,8.0];25;16;[2.0,5.0,3.0,5.0,1.0,0.0,0.0,0.0,0.0,0.0,0.0,0.0,0.0,0.0,0.0,0.0,0.0,0.0,0.0,0.0];0.00024819374084472656
3-7;[14,4,5];[3,4,5,6,14,6,7];143.0;[4.0,5.0,14.0];15;14;[2.0,6.0,3.0,2.0,1.0,0.0,0.0,0.0,0.0,0.0,0.0,0.0,0.0,0.0,0.0,0.0,0.0,0.0,0.0,0.0];0.0010716915130615234
3-9;[10,8,12];[3,12,11,10,9,8,9];178.0;[12.0,10.0,8.0];16;17;[2.0,6.0,2.0,2.0,5.0,0.0,0.0,0.0,0.0,0.0,0.0,0.0,0.0,0.0,0.0,0.0,0.0,0.0,0.0,0.0];0.00027680397033691406
2-14;[3,5,0];[2,1,0,1,2,3,4,5,6,14];183.0;[0.0,3.0,5.0];13;22;[1.0,8.0,10.0,2.0,1.0,0.0,0.0,0.0,0.0,0.0,0.0,0.0,0.0,0.0,0.0,0.0,0.0,0.0,0.0,0.0];0.0002129077911376953
10-12;[11,7,4];[10,9,8,7,6,5,4,3,12,11,12];249.0;[7.0,4.0,11.0];20;20;[1.0,9.0,5.0,2.0,3.0,0.0,0.0,0.0,0.0,0.0,0.0,0.0,0.0,0.0,0.0,0.0,0.0,0.0,0.0,0.0];5.602836608886719e-05
7-12;[2,3,5];[7,6,5,4,3,2,3,12];156.0;[5.0,3.0,2.0];20;15;[2.0,6.0,1.0,4.0,2.0,0.0,0.0,0.0,0.0,0.0,0.0,0.0,0.0,0.0,0.0,0.0,0.0,0.0,0.0,0.0];0.0002551078796386719
7-11;[2,1,14];[7,6,14,6,5,4,3,2,1,0,11];238.0;[14.0,2.0,1.0];22;18;[2.0,5.0,3.0,6.0,2.0,0.0,0.0,0.0,0.0,0.0,0.0,0.0,0.0,0.0,0.0,0.0,0.0,0.0,0.0,0.0];0.0002143383026123047
9-12;[5,10,2];[9,10,9,14,6,5,4,3,2,3,12];208.0;[10.0,5.0,2.0];10;18;[1.0,10.0,4.0,3.0,0.0,0.0,0.0,0.0,0.0,0.0,0.0,0.0,0.0,0.0,0.0,0.0,0.0,0.0,0.0,0.0];0.0010890960693359375
1-6;[5,10,3];[1,2,3,4,5,6,14,9,10,9,14,6];224.0;[3.0,5.0,10.0];25;29;[1.0,7.0,7.0,10.0,4.0,0.0,0.0,0.0,0.0,0.0,0.0,0.0,0.0,0.0,0.0,0.0,0.0,0.0,0.0,0.0];0.0002713203430175781
0-14;[12,7,4];[0,1,2,3,12,3,4,5,6,7,6,14];246.0;[12.0,4.0,7.0];20;15;[2.0,6.0,1.0,4.0,2.0,0.0,0.0,0.0,0.0,0.0,0.0,0.0,0.0,0.0,0.0,0.0,0.0,0.0,0.0,0.0];0.00021219253540039062
9-11;[10,5,0];[9,10,9,14,6,5,4,3,2,1,0,11];256.0;[10.0,5.0,0.0];24;31;[1.0,6.0,11.0,8.0,5.0,0.0,0.0,0.0,0.0,0.0,0.0,0.0,0.0,0.0,0.0,0.0,0.0,0.0,0.0,0.0];0.00025010108947753906
4-10;[9,7,13];[4,5,6,13,6,7,8,9,10];184.0;[13.0,7.0,9.0];11;12;[2.0,7.0,1.0,1.0,1.0,0.0,0.0,0.0,0.0,0.0,0.0,0.0,0.0,0.0,0.0,0.0,0.0,0.0,0.0,0.0];0.0002856254577636719
3-14;[10,7,13];[3,12,13,6,7,8,9,10,9,14];228.0;[13.0,7.0,10.0];23;17;[2.0,5.0,3.0,6.0,1.0,0.0,0.0,0.0,0.0,0.0,0.0,0.0,0.0,0.0,0.0,0.0,0.0,0.0,0.0,0.0];0.00022459030151367188
2-6;[5,13,10];[2,3,12,13,14,9,10,9,14,6,5,6];253.0;[13.0,10.0,5.0];50;39;[0.0,9.0,6.0,13.0,11.0,0.0,0.0,0.0,0.0,0.0,0.0,0.0,0.0,0.0,0.0,0.0,0.0,0.0,0.0,0.0];7.414817810058594e-05
10-13;[6,4,3];[10,9,14,6,5,4,3,12,13];188.0;[6.0,4.0,3.0];23;15;[2.0,5.0,4.0,4.0,0.0,0.0,0.0,0.0,0.0,0.0,0.0,0.0,0.0,0.0,0.0,0.0,0.0,0.0,0.0,0.0];0.00027489662170410156
4-11;[7,0,2];[4,5,6,7,6,5,4,3,2,1,0,11];273.0;[7.0,2.0,0.0];26;35;[0.0,10.0,10.0,10.0,5.0,0.0,0.0,0.0,0.0,0.0,0.0,0.0,0.0,0.0,0.0,0.0,0.0,0.0,0.0,0.0];0.0002808570861816406
4-8;[9,13,1];[4,3,2,1,2,3,12,13,14,9,8];223.0;[1.0,13.0,9.0];17;27;[0.0,12.0,8.0,5.0,2.0,0.0,0.0,0.0,0.0,0.0,0.0,0.0,0.0,0.0,0.0,0.0,0.0,0.0,0.0,0.0];0.00017571449279785156
0-5;[10,7,6];[0,11,10,9,8,7,6,5];232.0;[10.0,7.0,6.0];23;17;[1.0,9.0,5.0,2.0,0.0,0.0,0.0,0.0,0.0,0.0,0.0,0.0,0.0,0.0,0.0,0.0,0.0,0.0,0.0,0.0];0.0002658367156982422
0-6;[13,3,4];[0,1,2,3,4,5,6,13,6];177.0;[3.0,4.0,13.0];24;17;[2.0,5.0,4.0,1.0,5.0,0.0,0.0,0.0,0.0,0.0,0.0,0.0,0.0,0.0,0.0,0.0,0.0,0.0,0.0,0.0];0.00032901763916015625
1-13;[3,8,7];[1,2,3,4,5,6,7,8,9,14,13];232.0;[3.0,7.0,8.0];25;22;[2.0,4.0,4.0,10.0,2.0,0.0,0.0,0.0,0.0,0.0,0.0,0.0,0.0,0.0,0.0,0.0,0.0,0.0,0.0,0.0];0.0002231597900390625
1-5;[13,4,10];[1,2,3,12,13,14,9,10,9,14,6,5,4,5];274.0;[13.0,10.0,4.0];41;35;[0.0,9.0,10.0,10.0,6.0,0.0,0.0,0.0,0.0,0.0,0.0,0.0,0.0,0.0,0.0,0.0,0.0,0.0,0.0,0.0];0.00025343894958496094
12-14;[2,5,1];[12,3,2,1,2,3,4,5,6,14];155.0;[2.0,1.0,5.0];15;24;[0.0,12.0,10.0,2.0,0.0,0.0,0.0,0.0,0.0,0.0,0.0,0.0,0.0,0.0,0.0,0.0,0.0,0.0,0.0,0.0];0.0002579689025878906
5-10;[12,11,9];[5,4,3,12,11,13,14,9,10];220.0;[12.0,11.0,9.0];25;27;[0.0,12.0,6.0,5.0,4.0,0.0,0.0,0.0,0.0,0.0,0.0,0.0,0.0,0.0,0.0,0.0,0.0,0.0,0.0,0.0];0.0002853870391845703
5-11;[4,0,8];[5,4,5,6,14,9,8,9,14,13,11,0,11];288.0;[4.0,8.0,0.0];29;34;[0.0,10.0,10.0,8.0,6.0,0.0,0.0,0.0,0.0,0.0,0.0,0.0,0.0,0.0,0.0,0.0,0.0,0.0,0.0,0.0];0.0002620220184326172
11-14;[4,13,10];[11,13,6,5,4,5,6,14,9,10,9,14];233.0;[13.0,4.0,10.0];37;37;[0.0,10.0,5.0,17.0,5.0,0.0,0.0,0.0,0.0,0.0,0.0,0.0,0.0,0.0,0.0,0.0,0.0,0.0,0.0,0.0];0.0004162788391113281
8-13;[0,6,12];[8,9,14,6,13,12,3,2,1,0,11,13];264.0;[6.0,12.0,0.0];31;25;[1.0,8.0,3.0,9.0,4.0,0.0,0.0,0.0,0.0,0.0,0.0,0.0,0.0,0.0,0.0,0.0,0.0,0.0,0.0,0.0];0.0002474784851074219
1-8;[14,13,12];[1,2,3,12,13,14,9,8];156.0;[12.0,13.0,14.0];6;9;[3.0,3.0,2.0,1.0,0.0,0.0,0.0,0.0,0.0,0.0,0.0,0.0,0.0,0.0,0.0,0.0,0.0,0.0,0.0,0.0];0.000308990478515625
2-8;[13,9,3];[2,3,12,13,14,9,8];146.0;[3.0,13.0,9.0];8;14;[2.0,6.0,5.0,1.0,0.0,0.0,0.0,0.0,0.0,0.0,0.0,0.0,0.0,0.0,0.0,0.0,0.0,0.0,0.0,0.0];0.0003559589385986328
1-10;[12,8,11];[1,2,3,12,11,13,14,9,8,9,10];227.0;[12.0,11.0,8.0];15;21;[1.0,9.0,6.0,2.0,3.0,0.0,0.0,0.0,0.0,0.0,0.0,0.0,0.0,0.0,0.0,0.0,0.0,0.0,0.0,0.0];0.00019407272338867188
1-7;[8,9,11];[1,0,11,13,14,9,8,7];201.0;[11.0,9.0,8.0];27;25;[2.0,4.0,3.0,9.0,7.0,0.0,0.0,0.0,0.0,0.0,0.0,0.0,0.0,0.0,0.0,0.0,0.0,0.0,0.0,0.0];0.0002875328063964844
2-10;[11,4,13];[2,3,4,5,6,13,11,10];223.0;[4.0,13.0,11.0];18;22;[1.0,9.0,4.0,6.0,2.0,0.0,0.0,0.0,0.0,0.0,0.0,0.0,0.0,0.0,0.0,0.0,0.0,0.0,0.0,0.0];0.00020623207092285156
1-9;[12,6,4];[1,2,3,12,3,4,5,6,14,9];160.0;[12.0,4.0,6.0];7;12;[2.0,7.0,2.0,1.0,0.0,0.0,0.0,0.0,0.0,0.0,0.0,0.0,0.0,0.0,0.0,0.0,0.0,0.0,0.0,0.0];0.0001399517059326172
0-8;[7,14,4];[0,1,2,3,4,5,6,14,6,7,8];220.0;[4.0,14.0,7.0];22;13;[2.0,6.0,2.0,0.0,3.0,0.0,0.0,0.0,0.0,0.0,0.0,0.0,0.0,0.0,0.0,0.0,0.0,0.0,0.0,0.0];0.0002663135528564453
2-7;[13,9,14];[2,3,12,13,14,9,8,7];167.0;[13.0,14.0,9.0];18;6;[3.0,3.0,0.0,0.0,0.0,0.0,0.0,0.0,0.0,0.0,0.0,0.0,0.0,0.0,0.0,0.0,0.0,0.0,0.0,0.0];0.00023508071899414062
3-8;[4,14,2];[3,2,3,4,5,6,14,9,8];158.0;[2.0,4.0,14.0];8;14;[2.0,6.0,5.0,1.0,0.0,0.0,0.0,0.0,0.0,0.0,0.0,0.0,0.0,0.0,0.0,0.0,0.0,0.0,0.0,0.0];0.00017595291137695312
2-9;[4,6,3];[2,3,4,5,6,14,9];124.0;[3.0,4.0,6.0];7;12;[2.0,7.0,2.0,1.0,0.0,0.0,0.0,0.0,0.0,0.0,0.0,0.0,0.0,0.0,0.0,0.0,0.0,0.0,0.0,0.0];0.0002696514129638672
0-7;[5,6,14];[0,1,2,3,4,5,6,14,6,7];199.0;[5.0,6.0,14.0];39;38;[0.0,8.0,12.0,16.0,2.0,0.0,0.0,0.0,0.0,0.0,0.0,0.0,0.0,0.0,0.0,0.0,0.0,0.0,0.0,0.0];0.0001838207244873047
3-10;[13,8,11];[3,12,11,13,14,9,8,9,10];200.0;[11.0,13.0,8.0];12;20;[1.0,9.0,7.0,2.0,1.0,0.0,0.0,0.0,0.0,0.0,0.0,0.0,0.0,0.0,0.0,0.0,0.0,0.0,0.0,0.0];0.00020599365234375
8-12;[0,4,2];[8,9,14,6,5,4,3,2,1,0,1,2,3,12];249.0;[4.0,2.0,0.0];27;17;[2.0,5.0,2.0,6.0,2.0,0.0,0.0,0.0,0.0,0.0,0.0,0.0,0.0,0.0,0.0,0.0,0.0,0.0,0.0,0.0];0.0002162456512451172
1-14;[8,13,7];[1,2,3,12,13,6,7,8,9,14];201.0;[13.0,7.0,8.0];20;13;[2.0,6.0,2.0,2.0,1.0,0.0,0.0,0.0,0.0,0.0,0.0,0.0,0.0,0.0,0.0,0.0,0.0,0.0,0.0,0.0];9.679794311523438e-05
0-9;[4,7,8];[0,1,2,3,4,5,6,7,8,9];203.0;[4.0,7.0,8.0];19;9;[2.0,7.0,0.0,0.0,0.0,0.0,0.0,0.0,0.0,0.0,0.0,0.0,0.0,0.0,0.0,0.0,0.0,0.0,0.0,0.0];0.00026679039001464844
8-11;[6,0,4];[8,9,14,6,5,4,3,2,1,0,11];219.0;[6.0,4.0,0.0];15;14;[2.0,6.0,3.0,2.0,1.0,0.0,0.0,0.0,0.0,0.0,0.0,0.0,0.0,0.0,0.0,0.0,0.0,0.0,0.0,0.0];0.00024437904357910156
0-10;[12,1,5];[0,1,2,3,12,3,4,5,6,14,9,10];216.0;[1.0,12.0,5.0];9;15;[2.0,6.0,4.0,3.0,0.0,0.0,0.0,0.0,0.0,0.0,0.0,0.0,0.0,0.0,0.0,0.0,0.0,0.0,0.0,0.0];5.650520324707031e-05
3-7;[0,14,2];[3,2,1,0,11,13,14,6,7];226.0;[2.0,0.0,14.0];18;27;[0.0,11.0,12.0,3.0,1.0,0.0,0.0,0.0,0.0,0.0,0.0,0.0,0.0,0.0,0.0,0.0,0.0,0.0,0.0,0.0];0.00021958351135253906
3-9;[10,11,2];[3,2,3,12,11,10,9];178.0;[2.0,11.0,10.0];9;17;[1.0,10.0,5.0,1.0,0.0,0.0,0.0,0.0,0.0,0.0,0.0,0.0,0.0,0.0,0.0,0.0,0.0,0.0,0.0,0.0];0.0002636909484863281
2-14;[1,11,10];[2,1,0,11,10,9,14];197.0;[1.0,11.0,10.0];8;14;[2.0,6.0,5.0,1.0,0.0,0.0,0.0,0.0,0.0,0.0,0.0,0.0,0.0,0.0,0.0,0.0,0.0,0.0,0.0,0.0];8.225440979003906e-05
10-12;[11,2,4];[10,9,14,6,5,4,3,2,3,12,11,12];243.0;[4.0,2.0,11.0];39;31;[1.0,6.0,6.0,13.0,5.0,0.0,0.0,0.0,0.0,0.0,0.0,0.0,0.0,0.0,0.0,0.0,0.0,0.0,0.0,0.0];0.000286102294921875
7-12;[3,0,11];[7,6,13,11,0,1,2,3,12];208.0;[11.0,0.0,3.0];26;20;[1.0,8.0,7.0,3.0,1.0,0.0,0.0,0.0,0.0,0.0,0.0,0.0,0.0,0.0,0.0,0.0,0.0,0.0,0.0,0.0];0.00022721290588378906
7-11;[6,1,8];[7,8,9,14,6,5,4,3,2,1,0,11];240.0;[8.0,6.0,1.0];21;28;[1.0,7.0,9.0,7.0,4.0,0.0,0.0,0.0,0.0,0.0,0.0,0.0,0.0,0.0,0.0,0.0,0.0,0.0,0.0,0.0];0.0004897117614746094
9-12;[13,2,7];[9,8,7,6,13,12,3,2,3,12];202.0;[7.0,13.0,2.0];18;23;[1.0,9.0,4.0,5.0,4.0,0.0,0.0,0.0,0.0,0.0,0.0,0.0,0.0,0.0,0.0,0.0,0.0,0.0,0.0,0.0];0.0004639625549316406
1-6;[10,5,11];[1,0,11,10,9,14,6,5,6];238.0;[11.0,10.0,5.0];24;22;[1.0,8.0,7.0,3.0,3.0,0.0,0.0,0.0,0.0,0.0,0.0,0.0,0.0,0.0,0.0,0.0,0.0,0.0,0.0,0.0];0.00033736228942871094
0-14;[3,5,13];[0,1,2,3,12,13,6,5,6,14];186.0;[3.0,13.0,5.0];18;15;[2.0,5.0,6.0,1.0,1.0,0.0,0.0,0.0,0.0,0.0,0.0,0.0,0.0,0.0,0.0,0.0,0.0,0.0,0.0,0.0];0.0003142356872558594
9-11;[10,8,14];[9,14,9,8,9,10,11];172.0;[14.0,8.0,10.0];36;45;[0.0,7.0,14.0,19.0,5.0,0.0,0.0,0.0,0.0,0.0,0.0,0.0,0.0,0.0,0.0,0.0,0.0,0.0,0.0,0.0];0.0003046989440917969
4-10;[13,1,3];[4,3,2,1,2,3,12,13,14,9,10];233.0;[3.0,1.0,13.0];25;36;[0.0,9.0,13.0,13.0,1.0,0.0,0.0,0.0,0.0,0.0,0.0,0.0,0.0,0.0,0.0,0.0,0.0,0.0,0.0,0.0];0.00019478797912597656
3-14;[2,11,9];[3,2,3,12,11,13,14,9,14];192.0;[2.0,11.0,9.0];10;19;[1.0,9.0,8.0,1.0,0.0,0.0,0.0,0.0,0.0,0.0,0.0,0.0,0.0,0.0,0.0,0.0,0.0,0.0,0.0,0.0];0.0001723766326904297
2-6;[13,9,12];[2,3,12,13,14,9,14,6];165.0;[12.0,13.0,9.0];16;18;[2.0,6.0,1.0,5.0,4.0,0.0,0.0,0.0,0.0,0.0,0.0,0.0,0.0,0.0,0.0,0.0,0.0,0.0,0.0,0.0];0.00025963783264160156
10-13;[7,1,3];[10,9,8,7,6,5,4,3,2,1,2,3,12,13];282.0;[7.0,3.0,1.0];26;24;[1.0,8.0,5.0,7.0,3.0,0.0,0.0,0.0,0.0,0.0,0.0,0.0,0.0,0.0,0.0,0.0,0.0,0.0,0.0,0.0];0.0002682209014892578
4-11;[9,3,5];[4,5,6,14,9,14,6,5,4,3,12,11];218.0;[5.0,9.0,3.0];30;37;[0.0,9.0,12.0,11.0,5.0,0.0,0.0,0.0,0.0,0.0,0.0,0.0,0.0,0.0,0.0,0.0,0.0,0.0,0.0,0.0];0.0003533363342285156
4-8;[10,2,5];[4,3,2,3,4,5,6,14,9,10,9,8];252.0;[2.0,5.0,10.0];23;33;[0.0,10.0,12.0,7.0,4.0,0.0,0.0,0.0,0.0,0.0,0.0,0.0,0.0,0.0,0.0,0.0,0.0,0.0,0.0,0.0];0.0002760887145996094
0-5;[10,2,7];[0,1,2,3,12,11,10,9,8,7,6,5];293.0;[2.0,10.0,7.0];22;24;[1.0,9.0,2.0,8.0,4.0,0.0,0.0,0.0,0.0,0.0,0.0,0.0,0.0,0.0,0.0,0.0,0.0,0.0,0.0,0.0];0.0005693435668945312
0-6;[9,5,8];[0,1,2,3,4,5,6,14,9,8,9,14,6];233.0;[5.0,9.0,8.0];33;30;[0.0,10.0,10.0,8.0,2.0,0.0,0.0,0.0,0.0,0.0,0.0,0.0,0.0,0.0,0.0,0.0,0.0,0.0,0.0,0.0];0.0006213188171386719
1-13;[2,9,5];[1,2,3,4,5,6,14,9,14,13];192.0;[2.0,5.0,9.0];17;21;[2.0,5.0,3.0,8.0,3.0,0.0,0.0,0.0,0.0,0.0,0.0,0.0,0.0,0.0,0.0,0.0,0.0,0.0,0.0,0.0];9.131431579589844e-05
1-5;[6,13,14];[1,2,3,12,13,14,6,5];154.0;[13.0,14.0,6.0];23;13;[2.0,6.0,1.0,3.0,1.0,0.0,0.0,0.0,0.0,0.0,0.0,0.0,0.0,0.0,0.0,0.0,0.0,0.0,0.0,0.0];0.00010371208190917969
12-14;[5,9,3];[12,3,4,5,6,14,9,14];139.0;[3.0,5.0,9.0];14;16;[2.0,6.0,3.0,1.0,4.0,0.0,0.0,0.0,0.0,0.0,0.0,0.0,0.0,0.0,0.0,0.0,0.0,0.0,0.0,0.0];4.4345855712890625e-05
5-10;[13,6,4];[5,4,5,6,13,14,9,10];155.0;[4.0,6.0,13.0];31;39;[0.0,9.0,10.0,16.0,4.0,0.0,0.0,0.0,0.0,0.0,0.0,0.0,0.0,0.0,0.0,0.0,0.0,0.0,0.0,0.0];7.43865966796875e-05
5-11;[6,12,3];[5,6,5,4,3,12,11];132.0;[6.0,3.0,12.0];12;17;[2.0,6.0,2.0,6.0,1.0,0.0,0.0,0.0,0.0,0.0,0.0,0.0,0.0,0.0,0.0,0.0,0.0,0.0,0.0,0.0];7.200241088867188e-05
11-14;[10,7,8];[11,10,9,8,7,6,14];193.0;[10.0,8.0,7.0];25;16;[2.0,5.0,3.0,5.0,1.0,0.0,0.0,0.0,0.0,0.0,0.0,0.0,0.0,0.0,0.0,0.0,0.0,0.0,0.0,0.0];8.511543273925781e-05
8-13;[9,0,11];[8,9,14,13,11,0,11,13];227.0;[9.0,11.0,0.0];22;22;[2.0,5.0,1.0,10.0,4.0,0.0,0.0,0.0,0.0,0.0,0.0,0.0,0.0,0.0,0.0,0.0,0.0,0.0,0.0,0.0];8.034706115722656e-05
1-8;[10,5,3];[1,2,3,4,5,6,14,9,10,9,8];205.0;[3.0,5.0,10.0];10;15;[2.0,6.0,4.0,2.0,1.0,0.0,0.0,0.0,0.0,0.0,0.0,0.0,0.0,0.0,0.0,0.0,0.0,0.0,0.0,0.0];6.771087646484375e-05
2-8;[11,10,9];[2,3,12,11,10,9,8];178.0;[11.0,10.0,9.0];10;13;[2.0,7.0,1.0,1.0,2.0,0.0,0.0,0.0,0.0,0.0,0.0,0.0,0.0,0.0,0.0,0.0,0.0,0.0,0.0,0.0];8.225440979003906e-05
1-10;[4,3,11];[1,2,3,4,3,12,11,10];224.0;[3.0,4.0,11.0];28;30;[0.0,11.0,7.0,10.0,2.0,0.0,0.0,0.0,0.0,0.0,0.0,0.0,0.0,0.0,0.0,0.0,0.0,0.0,0.0,0.0];0.00010776519775390625
1-7;[14,5,6];[1,2,3,4,5,6,14,6,7];170.0;[5.0,6.0,14.0];25;16;[2.0,5.0,3.0,5.0,1.0,0.0,0.0,0.0,0.0,0.0,0.0,0.0,0.0,0.0,0.0,0.0,0.0,0.0,0.0,0.0];8.58306884765625e-05
2-10;[9,7,13];[2,3,12,13,6,7,8,9,10];199.0;[13.0,7.0,9.0];14;12;[2.0,7.0,0.0,2.0,1.0,0.0,0.0,0.0,0.0,0.0,0.0,0.0,0.0,0.0,0.0,0.0,0.0,0.0,0.0,0.0];8.320808410644531e-05
1-9;[2,10,5];[1,2,3,4,5,6,14,9,10,9];188.0;[2.0,5.0,10.0];10;15;[2.0,6.0,4.0,2.0,1.0,0.0,0.0,0.0,0.0,0.0,0.0,0.0,0.0,0.0,0.0,0.0,0.0,0.0,0.0,0.0];6.747245788574219e-05
0-8;[4,6,14];[0,1,2,3,4,5,6,14,9,8];180.0;[4.0,6.0,14.0];18;6;[3.0,3.0,0.0,0.0,0.0,0.0,0.0,0.0,0.0,0.0,0.0,0.0,0.0,0.0,0.0,0.0,0.0,0.0,0.0,0.0];0.00010275840759277344
2-7;[3,10,4];[2,3,4,5,6,14,9,10,9,8,7];216.0;[3.0,4.0,10.0];12;16;[2.0,6.0,3.0,3.0,2.0,0.0,0.0,0.0,0.0,0.0,0.0,0.0,0.0,0.0,0.0,0.0,0.0,0.0,0.0,0.0];0.0001323223114013672
3-8;[0,11,1];[3,2,1,0,11,13,14,9,8];207.0;[1.0,0.0,11.0];17;31;[0.0,10.0,14.0,7.0,0.0,0.0,0.0,0.0,0.0,0.0,0.0,0.0,0.0,0.0,0.0,0.0,0.0,0.0,0.0,0.0];6.67572021484375e-05
2-9;[0,4,14];[2,1,0,1,2,3,4,5,6,14,9];202.0;[0.0,4.0,14.0];13;19;[1.0,10.0,3.0,3.0,2.0,0.0,0.0,0.0,0.0,0.0,0.0,0.0,0.0,0.0,0.0,0.0,0.0,0.0,0.0,0.0];0.00010228157043457031
0-7;[5,2,12];[0,1,2,3,12,3,4,5,6,7];191.0;[2.0,12.0,5.0];8;8;[3.0,3.0,2.0,0.0,0.0,0.0,0.0,0.0,0.0,0.0,0.0,0.0,0.0,0.0,0.0,0.0,0.0,0.0,0.0,0.0];0.00010371208190917969
3-10;[13,12,4];[3,12,13,6,5,4,5,6,14,9,10];204.0;[12.0,13.0,4.0];27;34;[0.0,9.0,14.0,9.0,2.0,0.0,0.0,0.0,0.0,0.0,0.0,0.0,0.0,0.0,0.0,0.0,0.0,0.0,0.0,0.0];7.390975952148438e-05
8-12;[5,9,14];[8,9,14,6,5,4,3,12];137.0;[9.0,14.0,5.0];9;15;[2.0,6.0,4.0,3.0,0.0,0.0,0.0,0.0,0.0,0.0,0.0,0.0,0.0,0.0,0.0,0.0,0.0,0.0,0.0,0.0];0.00013518333435058594
1-14;[2,12,11];[1,2,3,12,11,13,14];147.0;[2.0,12.0,11.0];9;15;[2.0,6.0,4.0,3.0,0.0,0.0,0.0,0.0,0.0,0.0,0.0,0.0,0.0,0.0,0.0,0.0,0.0,0.0,0.0,0.0];0.00010228157043457031
0-9;[4,8,5];[0,1,2,3,4,5,6,14,9,8,9];197.0;[4.0,5.0,8.0];18;13;[2.0,6.0,3.0,0.0,2.0,0.0,0.0,0.0,0.0,0.0,0.0,0.0,0.0,0.0,0.0,0.0,0.0,0.0,0.0,0.0];6.4849853515625e-05
8-11;[1,13,12];[8,9,14,13,12,3,2,1,0,11];224.0;[13.0,12.0,1.0];27;17;[2.0,5.0,2.0,6.0,2.0,0.0,0.0,0.0,0.0,0.0,0.0,0.0,0.0,0.0,0.0,0.0,0.0,0.0,0.0,0.0];6.985664367675781e-05
0-10;[13,8,4];[0,11,13,6,5,4,5,6,14,9,8,9,10];260.0;[13.0,4.0,8.0];17;13;[2.0,6.0,3.0,1.0,1.0,0.0,0.0,0.0,0.0,0.0,0.0,0.0,0.0,0.0,0.0,0.0,0.0,0.0,0.0,0.0];8.702278137207031e-05
3-7;[11,5,4];[3,12,11,12,3,4,5,6,7];197.0;[11.0,4.0,5.0];21;28;[0.0,12.0,6.0,8.0,2.0,0.0,0.0,0.0,0.0,0.0,0.0,0.0,0.0,0.0,0.0,0.0,0.0,0.0,0.0,0.0];7.843971252441406e-05
3-9;[7,5,13];[3,12,13,6,5,6,7,8,9];189.0;[13.0,5.0,7.0];17;13;[2.0,6.0,3.0,1.0,1.0,0.0,0.0,0.0,0.0,0.0,0.0,0.0,0.0,0.0,0.0,0.0,0.0,0.0,0.0,0.0];0.000102996826171875
2-14;[10,9,13];[2,3,12,13,14,9,10,9,14];202.0;[13.0,9.0,10.0];29;18;[2.0,5.0,1.0,7.0,3.0,0.0,0.0,0.0,0.0,0.0,0.0,0.0,0.0,0.0,0.0,0.0,0.0,0.0,0.0,0.0];0.00013899803161621094
10-12;[14,3,9];[10,9,14,6,5,4,3,12];147.0;[9.0,14.0,3.0];10;19;[1.0,9.0,8.0,1.0,0.0,0.0,0.0,0.0,0.0,0.0,0.0,0.0,0.0,0.0,0.0,0.0,0.0,0.0,0.0,0.0];6.318092346191406e-05
7-12;[1,4,0];[7,6,5,4,3,2,1,0,1,2,3,12];234.0;[4.0,1.0,0.0];26;18;[2.0,5.0,2.0,6.0,3.0,0.0,0.0,0.0,0.0,0.0,0.0,0.0,0.0,0.0,0.0,0.0,0.0,0.0,0.0,0.0];0.00011396408081054688
7-11;[4,10,9];[7,6,5,4,5,6,14,9,10,11];236.0;[4.0,9.0,10.0];34;36;[0.0,9.0,11.0,12.0,4.0,0.0,0.0,0.0,0.0,0.0,0.0,0.0,0.0,0.0,0.0,0.0,0.0,0.0,0.0,0.0];7.772445678710938e-05
9-12;[10,2,13];[9,10,9,14,13,12,3,2,3,12];213.0;[10.0,13.0,2.0];18;23;[1.0,9.0,4.0,5.0,4.0,0.0,0.0,0.0,0.0,0.0,0.0,0.0,0.0,0.0,0.0,0.0,0.0,0.0,0.0,0.0];0.0001266002655029297
1-6;[10,4,7];[1,2,3,4,5,6,7,8,9,10,9,14,6];264.0;[4.0,7.0,10.0];31;21;[2.0,4.0,3.0,9.0,3.0,0.0,0.0,0.0,0.0,0.0,0.0,0.0,0.0,0.0,0.0,0.0,0.0,0.0,0.0,0.0];9.083747863769531e-05
0-14;[13,9,5];[0,11,13,6,5,6,14,9,14];190.0;[13.0,5.0,9.0];26;16;[2.0,5.0,3.0,4.0,2.0,0.0,0.0,0.0,0.0,0.0,0.0,0.0,0.0,0.0,0.0,0.0,0.0,0.0,0.0,0.0];8.511543273925781e-05
9-11;[13,5,14];[9,14,6,5,6,13,11];132.0;[14.0,5.0,13.0];10;13;[2.0,6.0,5.0,0.0,0.0,0.0,0.0,0.0,0.0,0.0,0.0,0.0,0.0,0.0,0.0,0.0,0.0,0.0,0.0,0.0];8.034706115722656e-05
4-10;[9,2,14];[4,3,2,3,4,5,6,14,9,10];208.0;[2.0,14.0,9.0];18;27;[0.0,12.0,8.0,4.0,3.0,0.0,0.0,0.0,0.0,0.0,0.0,0.0,0.0,0.0,0.0,0.0,0.0,0.0,0.0,0.0];8.7738037109375e-05
3-14;[8,2,9];[3,2,3,4,5,6,14,9,8,9,14];194.0;[2.0,9.0,8.0];22;22;[2.0,5.0,1.0,10.0,4.0,0.0,0.0,0.0,0.0,0.0,0.0,0.0,0.0,0.0,0.0,0.0,0.0,0.0,0.0,0.0];0.00011372566223144531
2-6;[5,4,10];[2,3,4,5,6,14,9,10,9,14,6];214.0;[4.0,5.0,10.0];39;34;[0.0,10.0,6.0,14.0,4.0,0.0,0.0,0.0,0.0,0.0,0.0,0.0,0.0,0.0,0.0,0.0,0.0,0.0,0.0,0.0];8.487701416015625e-05
10-13;[0,9,5];[10,9,14,6,5,4,3,2,1,0,11,13];266.0;[9.0,5.0,0.0];27;33;[0.0,11.0,6.0,12.0,4.0,0.0,0.0,0.0,0.0,0.0,0.0,0.0,0.0,0.0,0.0,0.0,0.0,0.0,0.0,0.0];7.891654968261719e-05
4-11;[1,12,9];[4,5,6,14,9,14,6,5,4,3,2,1,2,3,12,11];272.0;[9.0,1.0,12.0];40;44;[0.0,8.0,9.0,21.0,6.0,0.0,0.0,0.0,0.0,0.0,0.0,0.0,0.0,0.0,0.0,0.0,0.0,0.0,0.0,0.0];8.344650268554688e-05
4-8;[12,13,3];[4,3,12,13,14,9,8];169.0;[3.0,12.0,13.0];14;20;[1.0,9.0,6.0,4.0,0.0,0.0,0.0,0.0,0.0,0.0,0.0,0.0,0.0,0.0,0.0,0.0,0.0,0.0,0.0,0.0];7.43865966796875e-05
0-5;[10,1,7];[0,1,0,11,10,9,8,7,6,5];290.0;[1.0,10.0,7.0];21;25;[1.0,9.0,2.0,8.0,5.0,0.0,0.0,0.0,0.0,0.0,0.0,0.0,0.0,0.0,0.0,0.0,0.0,0.0,0.0,0.0];0.00010037422180175781
0-6;[12,5,10];[0,1,2,3,12,11,10,9,14,6,5,6];270.0;[12.0,10.0,5.0];33;28;[0.0,11.0,7.0,7.0,3.0,0.0,0.0,0.0,0.0,0.0,0.0,0.0,0.0,0.0,0.0,0.0,0.0,0.0,0.0,0.0];7.677078247070312e-05
1-13;[14,7,10];[1,2,3,4,5,6,7,8,9,10,9,14,13];286.0;[7.0,10.0,14.0];38;35;[0.0,8.0,14.0,12.0,1.0,0.0,0.0,0.0,0.0,0.0,0.0,0.0,0.0,0.0,0.0,0.0,0.0,0.0,0.0,0.0];6.866455078125e-05
1-5;[7,11,10];[1,0,11,10,9,8,7,6,5];261.0;[11.0,10.0,7.0];14;13;[2.0,7.0,0.0,1.0,3.0,0.0,0.0,0.0,0.0,0.0,0.0,0.0,0.0,0.0,0.0,0.0,0.0,0.0,0.0,0.0];5.7220458984375e-05
12-14;[2,7,9];[12,3,2,3,4,5,6,7,8,9,14];213.0;[2.0,7.0,9.0];15;18;[2.0,6.0,1.0,6.0,3.0,0.0,0.0,0.0,0.0,0.0,0.0,0.0,0.0,0.0,0.0,0.0,0.0,0.0,0.0,0.0];7.200241088867188e-05
5-10;[4,1,9];[5,4,3,2,1,2,3,4,5,6,14,9,10];242.0;[4.0,1.0,9.0];25;35;[0.0,9.0,14.0,10.0,2.0,0.0,0.0,0.0,0.0,0.0,0.0,0.0,0.0,0.0,0.0,0.0,0.0,0.0,0.0,0.0];0.00021386146545410156
5-11;[3,6,10];[5,6,14,9,10,11,12,3,12,11];241.0;[6.0,10.0,3.0];34;37;[0.0,9.0,11.0,11.0,6.0,0.0,0.0,0.0,0.0,0.0,0.0,0.0,0.0,0.0,0.0,0.0,0.0,0.0,0.0,0.0];8.702278137207031e-05
11-14;[13,4,12];[11,12,13,6,5,4,5,6,14];176.0;[12.0,13.0,4.0];27;28;[1.0,6.0,11.0,8.0,2.0,0.0,0.0,0.0,0.0,0.0,0.0,0.0,0.0,0.0,0.0,0.0,0.0,0.0,0.0,0.0];7.104873657226562e-05
8-13;[9,11,5];[8,9,14,6,5,6,13,11,13];186.0;[9.0,5.0,11.0];18;21;[2.0,5.0,3.0,7.0,4.0,0.0,0.0,0.0,0.0,0.0,0.0,0.0,0.0,0.0,0.0,0.0,0.0,0.0,0.0,0.0];0.00010371208190917969
