1-8;[7,13,9];[1,2,3,12,13,14,9,8,7,8];198.0;[13.0,9.0,7.0];61;33;[1.0,5.0,4.0,12.0,11.0,0.0,0.0,0.0,0.0,0.0,0.0,0.0,0.0,0.0,0.0,0.0,0.0,0.0,0.0,0.0];0.0001800060272216797
2-8;[12,4,11];[2,3,12,11,12,3,4,5,6,14,9,8];229.0;[12.0,11.0,4.0];47;32;[0.0,9.0,9.0,11.0,3.0,0.0,0.0,0.0,0.0,0.0,0.0,0.0,0.0,0.0,0.0,0.0,0.0,0.0,0.0,0.0];0.0003879070281982422
1-10;[7,8,11];[1,0,11,13,6,7,8,9,10];233.0;[11.0,7.0,8.0];57;40;[0.0,8.0,7.0,16.0,9.0,0.0,0.0,0.0,0.0,0.0,0.0,0.0,0.0,0.0,0.0,0.0,0.0,0.0,0.0,0.0];0.0003032684326171875
1-7;[2,11,9];[1,2,3,12,11,13,14,9,8,7];204.0;[2.0,11.0,9.0];30;14;[2.0,5.0,3.0,2.0,2.0,0.0,0.0,0.0,0.0,0.0,0.0,0.0,0.0,0.0,0.0,0.0,0.0,0.0,0.0,0.0];8.678436279296875e-05
2-10;[5,4,1];[2,1,2,3,4,5,6,14,9,10];171.0;[1.0,4.0,5.0];57;44;[0.0,6.0,13.0,18.0,7.0,0.0,0.0,0.0,0.0,0.0,0.0,0.0,0.0,0.0,0.0,0.0,0.0,0.0,0.0,0.0];0.0002830028533935547
1-9;[7,3,12];[1,2,3,12,13,6,7,8,9];182.0;[3.0,12.0,7.0];50;38;[0.0,8.0,10.0,13.0,7.0,0.0,0.0,0.0,0.0,0.0,0.0,0.0,0.0,0.0,0.0,0.0,0.0,0.0,0.0,0.0];0.00017881393432617188
0-8;[6,10,13];[0,11,13,6,14,9,10,9,8];208.0;[13.0,6.0,10.0];56;33;[0.0,9.0,7.0,9.0,8.0,0.0,0.0,0.0,0.0,0.0,0.0,0.0,0.0,0.0,0.0,0.0,0.0,0.0,0.0,0.0];0.000171661376953125
2-7;[3,1,8];[2,1,2,3,4,5,6,14,9,8,7];182.0;[1.0,3.0,8.0];38;22;[1.0,7.0,7.0,4.0,3.0,0.0,0.0,0.0,0.0,0.0,0.0,0.0,0.0,0.0,0.0,0.0,0.0,0.0,0.0,0.0];0.0002200603485107422
3-8;[5,12,0];[3,12,3,2,1,0,1,2,3,4,5,6,14,9,8];262.0;[12.0,0.0,5.0];51;40;[0.0,8.0,9.0,14.0,9.0,0.0,0.0,0.0,0.0,0.0,0.0,0.0,0.0,0.0,0.0,0.0,0.0,0.0,0.0,0.0];0.0002810955047607422
2-9;[1,4,3];[2,1,2,3,4,5,6,14,9];144.0;[1.0,3.0,4.0];34;27;[1.0,6.0,10.0,6.0,4.0,0.0,0.0,0.0,0.0,0.0,0.0,0.0,0.0,0.0,0.0,0.0,0.0,0.0,0.0,0.0];0.0002276897430419922
0-7;[4,5,8];[0,1,2,3,4,5,6,14,9,8,7];201.0;[4.0,5.0,8.0];40;13;[2.0,5.0,1.0,1.0,4.0,0.0,0.0,0.0,0.0,0.0,0.0,0.0,0.0,0.0,0.0,0.0,0.0,0.0,0.0,0.0];0.0001304149627685547
3-10;[12,2,8];[3,2,3,12,13,14,9,8,9,10];207.0;[2.0,12.0,8.0];38;22;[1.0,7.0,7.0,4.0,3.0,0.0,0.0,0.0,0.0,0.0,0.0,0.0,0.0,0.0,0.0,0.0,0.0,0.0,0.0,0.0];0.00025844573974609375
8-12;[7,9,0];[8,7,8,9,14,13,11,0,1,2,3,12];262.0;[7.0,9.0,0.0];47;30;[1.0,5.0,9.0,9.0,6.0,0.0,0.0,0.0,0.0,0.0,0.0,0.0,0.0,0.0,0.0,0.0,0.0,0.0,0.0,0.0];0.0002887248992919922
1-14;[0,4,9];[1,0,1,2,3,4,5,6,14,9,14];211.0;[0.0,4.0,9.0];33;19;[1.0,9.0,2.0,2.0,5.0,0.0,0.0,0.0,0.0,0.0,0.0,0.0,0.0,0.0,0.0,0.0,0.0,0.0,0.0,0.0];0.00022411346435546875
0-9;[2,13,5];[0,1,2,3,12,13,6,5,6,14,9];205.0;[2.0,13.0,5.0];33;14;[2.0,5.0,2.0,3.0,2.0,0.0,0.0,0.0,0.0,0.0,0.0,0.0,0.0,0.0,0.0,0.0,0.0,0.0,0.0,0.0];0.0004253387451171875
8-11;[3,14,0];[8,9,14,6,5,4,3,2,1,0,11];219.0;[14.0,3.0,0.0];52;32;[1.0,6.0,3.0,11.0,11.0,0.0,0.0,0.0,0.0,0.0,0.0,0.0,0.0,0.0,0.0,0.0,0.0,0.0,0.0,0.0];0.0003159046173095703
0-10;[2,12,7];[0,1,2,3,12,13,6,7,8,9,10];238.0;[2.0,12.0,7.0];32;19;[1.0,8.0,6.0,2.0,2.0,0.0,0.0,0.0,0.0,0.0,0.0,0.0,0.0,0.0,0.0,0.0,0.0,0.0,0.0,0.0];0.0002722740173339844
3-7;[1,9,0];[3,2,1,0,11,13,14,9,8,7];228.0;[1.0,0.0,9.0];39;30;[0.0,10.0,9.0,6.0,5.0,0.0,0.0,0.0,0.0,0.0,0.0,0.0,0.0,0.0,0.0,0.0,0.0,0.0,0.0,0.0];0.0003197193145751953
3-9;[11,13,1];[3,2,1,0,11,13,14,9];190.0;[1.0,11.0,13.0];50;40;[0.0,7.0,13.0,14.0,6.0,0.0,0.0,0.0,0.0,0.0,0.0,0.0,0.0,0.0,0.0,0.0,0.0,0.0,0.0,0.0];0.0002682209014892578
2-14;[4,6,1];[2,1,2,3,4,5,6,14];125.0;[1.0,4.0,6.0];56;42;[0.0,8.0,7.0,15.0,12.0,0.0,0.0,0.0,0.0,0.0,0.0,0.0,0.0,0.0,0.0,0.0,0.0,0.0,0.0,0.0];0.00022602081298828125
10-12;[7,8,9];[10,9,8,7,6,13,12];169.0;[9.0,8.0,7.0];56;41;[0.0,7.0,10.0,19.0,5.0,0.0,0.0,0.0,0.0,0.0,0.0,0.0,0.0,0.0,0.0,0.0,0.0,0.0,0.0,0.0];0.00019621849060058594
7-12;[4,11,14];[7,6,14,6,5,4,3,12,11,12];218.0;[14.0,4.0,11.0];53;28;[1.0,6.0,5.0,6.0,10.0,0.0,0.0,0.0,0.0,0.0,0.0,0.0,0.0,0.0,0.0,0.0,0.0,0.0,0.0,0.0];0.0002503395080566406
7-11;[12,2,0];[7,6,13,12,3,2,1,0,11];212.0;[12.0,2.0,0.0];39;13;[2.0,5.0,1.0,2.0,3.0,0.0,0.0,0.0,0.0,0.0,0.0,0.0,0.0,0.0,0.0,0.0,0.0,0.0,0.0,0.0];0.00025391578674316406
9-12;[8,1,6];[9,8,9,14,6,5,4,3,2,1,2,3,12];208.0;[8.0,6.0,1.0];42;29;[1.0,6.0,7.0,8.0,7.0,0.0,0.0,0.0,0.0,0.0,0.0,0.0,0.0,0.0,0.0,0.0,0.0,0.0,0.0,0.0];0.00023746490478515625
1-6;[14,4,11];[1,0,11,12,3,4,5,6,14,6];217.0;[11.0,4.0,14.0];88;45;[0.0,6.0,6.0,14.0,19.0,0.0,0.0,0.0,0.0,0.0,0.0,0.0,0.0,0.0,0.0,0.0,0.0,0.0,0.0,0.0];0.00014829635620117188
0-14;[4,6,8];[0,1,2,3,4,5,6,14,9,8,9,14];216.0;[4.0,6.0,8.0];45;22;[1.0,7.0,5.0,5.0,4.0,0.0,0.0,0.0,0.0,0.0,0.0,0.0,0.0,0.0,0.0,0.0,0.0,0.0,0.0,0.0];0.00023555755615234375
9-11;[7,1,3];[9,8,7,6,5,4,3,2,1,0,11];242.0;[7.0,3.0,1.0];37;20;[2.0,4.0,2.0,8.0,4.0,0.0,0.0,0.0,0.0,0.0,0.0,0.0,0.0,0.0,0.0,0.0,0.0,0.0,0.0,0.0];0.00014519691467285156
4-10;[1,0,6];[4,3,2,1,0,11,13,6,14,9,10];260.0;[1.0,0.0,6.0];44;30;[0.0,9.0,11.0,8.0,2.0,0.0,0.0,0.0,0.0,0.0,0.0,0.0,0.0,0.0,0.0,0.0,0.0,0.0,0.0,0.0];0.00023984909057617188
3-14;[13,1,8];[3,2,1,2,3,12,13,14,9,8,9,14];219.0;[1.0,13.0,8.0];51;31;[1.0,6.0,4.0,9.0,11.0,0.0,0.0,0.0,0.0,0.0,0.0,0.0,0.0,0.0,0.0,0.0,0.0,0.0,0.0,0.0];0.0003001689910888672
2-6;[14,3,9];[2,3,4,5,6,14,9,14,6];160.0;[3.0,14.0,9.0];54;31;[1.0,6.0,3.0,10.0,11.0,0.0,0.0,0.0,0.0,0.0,0.0,0.0,0.0,0.0,0.0,0.0,0.0,0.0,0.0,0.0];0.000774383544921875
10-13;[1,11,14];[10,9,14,6,5,4,3,2,1,0,11,13];266.0;[14.0,1.0,11.0];70;41;[0.0,7.0,7.0,17.0,10.0,0.0,0.0,0.0,0.0,0.0,0.0,0.0,0.0,0.0,0.0,0.0,0.0,0.0,0.0,0.0];0.00019741058349609375
4-11;[0,9,3];[4,5,6,14,9,14,6,5,4,3,2,1,0,11];269.0;[9.0,3.0,0.0];71;48;[0.0,6.0,9.0,16.0,17.0,0.0,0.0,0.0,0.0,0.0,0.0,0.0,0.0,0.0,0.0,0.0,0.0,0.0,0.0,0.0];8.130073547363281e-05
4-8;[0,9,5];[4,5,4,3,2,1,0,11,13,14,9,8];275.0;[5.0,0.0,9.0];54;42;[0.0,7.0,11.0,16.0,8.0,0.0,0.0,0.0,0.0,0.0,0.0,0.0,0.0,0.0,0.0,0.0,0.0,0.0,0.0,0.0];0.00029397010803222656
0-5;[13,4,8];[0,11,13,14,9,8,9,14,6,5,4,5];249.0;[13.0,8.0,4.0];49;24;[1.0,7.0,3.0,7.0,6.0,0.0,0.0,0.0,0.0,0.0,0.0,0.0,0.0,0.0,0.0,0.0,0.0,0.0,0.0,0.0];0.00029659271240234375
0-6;[2,1,13];[0,1,2,3,12,13,6];135.0;[1.0,2.0,13.0];35;19;[1.0,8.0,5.0,3.0,2.0,0.0,0.0,0.0,0.0,0.0,0.0,0.0,0.0,0.0,0.0,0.0,0.0,0.0,0.0,0.0];7.796287536621094e-05
1-13;[10,3,8];[1,2,3,12,11,10,9,8,9,14,13];263.0;[3.0,10.0,8.0];54;31;[1.0,6.0,3.0,10.0,11.0,0.0,0.0,0.0,0.0,0.0,0.0,0.0,0.0,0.0,0.0,0.0,0.0,0.0,0.0,0.0];0.00022602081298828125
1-5;[9,7,12];[1,2,3,12,13,14,9,8,7,6,5];232.0;[12.0,9.0,7.0];63;42;[0.0,7.0,9.0,15.0,11.0,0.0,0.0,0.0,0.0,0.0,0.0,0.0,0.0,0.0,0.0,0.0,0.0,0.0,0.0,0.0];0.0001819133758544922
12-14;[6,4,7];[12,3,4,5,6,7,6,14];177.0;[4.0,6.0,7.0];59;30;[1.0,5.0,6.0,9.0,9.0,0.0,0.0,0.0,0.0,0.0,0.0,0.0,0.0,0.0,0.0,0.0,0.0,0.0,0.0,0.0];0.0001761913299560547
5-10;[0,9,8];[5,4,3,2,1,0,11,13,14,9,8,9,10];305.0;[0.0,9.0,8.0];56;42;[0.0,8.0,6.0,19.0,9.0,0.0,0.0,0.0,0.0,0.0,0.0,0.0,0.0,0.0,0.0,0.0,0.0,0.0,0.0,0.0];0.000270843505859375
5-11;[14,1,12];[5,6,14,6,5,4,3,2,1,2,3,12,11];220.0;[14.0,1.0,12.0];42;36;[0.0,9.0,9.0,12.0,6.0,0.0,0.0,0.0,0.0,0.0,0.0,0.0,0.0,0.0,0.0,0.0,0.0,0.0,0.0,0.0];0.00011134147644042969
11-14;[1,10,0];[11,0,1,0,11,10,9,14];255.0;[1.0,0.0,10.0];51;35;[0.0,9.0,8.0,8.0,10.0,0.0,0.0,0.0,0.0,0.0,0.0,0.0,0.0,0.0,0.0,0.0,0.0,0.0,0.0,0.0];0.0004267692565917969
8-13;[2,4,14];[8,9,14,6,5,4,3,2,3,12,13];212.0;[14.0,4.0,2.0];69;44;[0.0,7.0,6.0,19.0,12.0,0.0,0.0,0.0,0.0,0.0,0.0,0.0,0.0,0.0,0.0,0.0,0.0,0.0,0.0,0.0];0.0003352165222167969
1-8;[0,3,4];[1,0,1,2,3,4,5,6,14,9,8];209.0;[0.0,3.0,4.0];35;28;[0.0,10.0,11.0,4.0,3.0,0.0,0.0,0.0,0.0,0.0,0.0,0.0,0.0,0.0,0.0,0.0,0.0,0.0,0.0,0.0];0.00014066696166992188
2-8;[0,5,7];[2,1,0,1,2,3,4,5,6,7,8];225.0;[0.0,5.0,7.0];34;22;[1.0,8.0,4.0,5.0,4.0,0.0,0.0,0.0,0.0,0.0,0.0,0.0,0.0,0.0,0.0,0.0,0.0,0.0,0.0,0.0];0.0002703666687011719
1-10;[4,14,5];[1,2,3,4,5,6,14,9,10];161.0;[4.0,5.0,14.0];38;19;[2.0,4.0,3.0,4.0,6.0,0.0,0.0,0.0,0.0,0.0,0.0,0.0,0.0,0.0,0.0,0.0,0.0,0.0,0.0,0.0];0.001001119613647461
1-7;[9,2,8];[1,2,3,4,5,6,14,9,8,7];172.0;[2.0,9.0,8.0];51;31;[1.0,6.0,4.0,9.0,11.0,0.0,0.0,0.0,0.0,0.0,0.0,0.0,0.0,0.0,0.0,0.0,0.0,0.0,0.0,0.0];0.00016117095947265625
2-10;[13,3,4];[2,3,4,5,6,13,14,9,10];198.0;[3.0,4.0,13.0];47;32;[1.0,5.0,8.0,11.0,7.0,0.0,0.0,0.0,0.0,0.0,0.0,0.0,0.0,0.0,0.0,0.0,0.0,0.0,0.0,0.0];0.00018405914306640625
1-9;[0,11,5];[1,0,11,13,6,5,6,14,9];200.0;[0.0,11.0,5.0];30;14;[2.0,5.0,3.0,2.0,2.0,0.0,0.0,0.0,0.0,0.0,0.0,0.0,0.0,0.0,0.0,0.0,0.0,0.0,0.0,0.0];0.0002799034118652344
0-8;[4,10,9];[0,1,2,3,4,5,6,14,9,10,9,8];234.0;[4.0,10.0,9.0];45;24;[1.0,7.0,4.0,7.0,5.0,0.0,0.0,0.0,0.0,0.0,0.0,0.0,0.0,0.0,0.0,0.0,0.0,0.0,0.0,0.0];0.0002613067626953125
2-7;[14,8,3];[2,3,4,5,6,14,9,8,7];162.0;[3.0,14.0,8.0];63;44;[0.0,7.0,8.0,17.0,12.0,0.0,0.0,0.0,0.0,0.0,0.0,0.0,0.0,0.0,0.0,0.0,0.0,0.0,0.0,0.0];0.00024366378784179688
3-8;[6,4,10];[3,4,5,6,14,9,10,9,8];178.0;[4.0,6.0,10.0];47;28;[1.0,6.0,6.0,8.0,7.0,0.0,0.0,0.0,0.0,0.0,0.0,0.0,0.0,0.0,0.0,0.0,0.0,0.0,0.0,0.0];0.0009300708770751953
2-9;[12,4,7];[2,3,12,3,4,5,6,7,8,9];190.0;[12.0,4.0,7.0];30;14;[2.0,5.0,3.0,2.0,2.0,0.0,0.0,0.0,0.0,0.0,0.0,0.0,0.0,0.0,0.0,0.0,0.0,0.0,0.0,0.0];0.0002193450927734375
0-7;[5,8,13];[0,11,13,6,5,6,14,9,8,7];209.0;[13.0,5.0,8.0];54;29;[1.0,6.0,4.0,8.0,10.0,0.0,0.0,0.0,0.0,0.0,0.0,0.0,0.0,0.0,0.0,0.0,0.0,0.0,0.0,0.0];0.00019025802612304688
3-10;[5,7,14];[3,4,5,6,14,6,7,8,9,10];208.0;[5.0,14.0,7.0];46;15;[2.0,4.0,2.0,4.0,3.0,0.0,0.0,0.0,0.0,0.0,0.0,0.0,0.0,0.0,0.0,0.0,0.0,0.0,0.0,0.0];0.00026607513427734375
8-12;[9,13,3];[8,9,14,13,12,3,12];142.0;[9.0,13.0,3.0];31;16;[2.0,5.0,2.0,3.0,4.0,0.0,0.0,0.0,0.0,0.0,0.0,0.0,0.0,0.0,0.0,0.0,0.0,0.0,0.0,0.0];0.00023865699768066406
1-14;[5,10,6];[1,2,3,4,5,6,14,9,10,9,14];207.0;[5.0,6.0,10.0];52;26;[1.0,6.0,6.0,5.0,8.0,0.0,0.0,0.0,0.0,0.0,0.0,0.0,0.0,0.0,0.0,0.0,0.0,0.0,0.0,0.0];0.000102996826171875
0-9;[10,8,5];[0,1,2,3,4,5,6,14,9,10,9,8,9];251.0;[5.0,10.0,8.0];66;39;[0.0,8.0,6.0,12.0,13.0,0.0,0.0,0.0,0.0,0.0,0.0,0.0,0.0,0.0,0.0,0.0,0.0,0.0,0.0,0.0];0.00023698806762695312
8-11;[1,3,10];[8,9,10,11,0,1,2,3,12,11];256.0;[10.0,1.0,3.0];69;44;[0.0,7.0,6.0,19.0,12.0,0.0,0.0,0.0,0.0,0.0,0.0,0.0,0.0,0.0,0.0,0.0,0.0,0.0,0.0,0.0];0.00047969818115234375
0-10;[6,4,1];[0,1,2,3,4,5,6,14,9,10];190.0;[1.0,4.0,6.0];59;45;[0.0,6.0,12.0,19.0,8.0,0.0,0.0,0.0,0.0,0.0,0.0,0.0,0.0,0.0,0.0,0.0,0.0,0.0,0.0,0.0];6.365776062011719e-05
3-7;[9,12,5];[3,12,3,4,5,6,14,9,8,7];171.0;[12.0,5.0,9.0];56;35;[1.0,5.0,5.0,11.0,13.0,0.0,0.0,0.0,0.0,0.0,0.0,0.0,0.0,0.0,0.0,0.0,0.0,0.0,0.0,0.0];0.000179290771484375
3-9;[11,14,2];[3,2,3,12,11,13,14,9];173.0;[2.0,11.0,14.0];45;31;[0.0,10.0,7.0,7.0,7.0,0.0,0.0,0.0,0.0,0.0,0.0,0.0,0.0,0.0,0.0,0.0,0.0,0.0,0.0,0.0];0.00027060508728027344
2-14;[3,10,11];[2,3,12,11,10,9,14];180.0;[3.0,11.0,10.0];34;19;[2.0,4.0,4.0,4.0,5.0,0.0,0.0,0.0,0.0,0.0,0.0,0.0,0.0,0.0,0.0,0.0,0.0,0.0,0.0,0.0];0.00021982192993164062
10-12;[3,1,5];[10,9,14,6,5,4,3,2,1,2,3,12];201.0;[5.0,3.0,1.0];71;40;[0.0,7.0,8.0,13.0,12.0,0.0,0.0,0.0,0.0,0.0,0.0,0.0,0.0,0.0,0.0,0.0,0.0,0.0,0.0,0.0];0.0003304481506347656
7-12;[1,5,10];[7,8,9,10,9,14,6,5,4,3,2,1,2,3,12];266.0;[10.0,5.0,1.0];66;48;[0.0,6.0,10.0,17.0,15.0,0.0,0.0,0.0,0.0,0.0,0.0,0.0,0.0,0.0,0.0,0.0,0.0,0.0,0.0,0.0];0.0002949237823486328
7-11;[4,12,2];[7,6,5,4,3,2,3,12,11];187.0;[4.0,2.0,12.0];37;18;[2.0,4.0,3.0,6.0,3.0,0.0,0.0,0.0,0.0,0.0,0.0,0.0,0.0,0.0,0.0,0.0,0.0,0.0,0.0,0.0];0.00026106834411621094
9-12;[11,7,3];[9,8,7,6,13,11,12,3,12];195.0;[7.0,11.0,3.0];51;34;[1.0,6.0,3.0,10.0,14.0,0.0,0.0,0.0,0.0,0.0,0.0,0.0,0.0,0.0,0.0,0.0,0.0,0.0,0.0,0.0];0.00030612945556640625
1-6;[9,7,12];[1,2,3,12,13,14,9,8,7,6];215.0;[12.0,9.0,7.0];66;43;[0.0,7.0,8.0,15.0,13.0,0.0,0.0,0.0,0.0,0.0,0.0,0.0,0.0,0.0,0.0,0.0,0.0,0.0,0.0,0.0];0.0003516674041748047
0-14;[2,10,13];[0,1,2,3,12,13,14,9,10,9,14];241.0;[2.0,13.0,10.0];44;25;[1.0,7.0,4.0,7.0,6.0,0.0,0.0,0.0,0.0,0.0,0.0,0.0,0.0,0.0,0.0,0.0,0.0,0.0,0.0,0.0];0.0002460479736328125
9-11;[2,5,1];[9,14,6,5,4,3,2,1,0,11];202.0;[5.0,2.0,1.0];57;29;[1.0,6.0,3.0,9.0,10.0,0.0,0.0,0.0,0.0,0.0,0.0,0.0,0.0,0.0,0.0,0.0,0.0,0.0,0.0,0.0];0.0001919269561767578
4-10;[11,12,13];[4,5,6,13,12,11,10];201.0;[13.0,12.0,11.0];65;35;[0.0,7.0,11.0,12.0,5.0,0.0,0.0,0.0,0.0,0.0,0.0,0.0,0.0,0.0,0.0,0.0,0.0,0.0,0.0,0.0];0.0002753734588623047
3-14;[5,8,2];[3,2,3,4,5,6,14,9,8,9,14];194.0;[2.0,5.0,8.0];60;43;[0.0,8.0,6.0,14.0,15.0,0.0,0.0,0.0,0.0,0.0,0.0,0.0,0.0,0.0,0.0,0.0,0.0,0.0,0.0,0.0];0.00020599365234375
2-6;[8,0,5];[2,1,0,1,2,3,4,5,6,14,9,8,9,14,6];272.0;[0.0,5.0,8.0];68;49;[0.0,6.0,9.0,18.0,16.0,0.0,0.0,0.0,0.0,0.0,0.0,0.0,0.0,0.0,0.0,0.0,0.0,0.0,0.0,0.0];0.00016951560974121094
10-13;[6,8,9];[10,9,8,9,14,6,13];122.0;[8.0,9.0,6.0];54;41;[0.0,7.0,12.0,13.0,9.0,0.0,0.0,0.0,0.0,0.0,0.0,0.0,0.0,0.0,0.0,0.0,0.0,0.0,0.0,0.0];0.00019311904907226562
4-11;[6,14,2];[4,5,6,14,6,5,4,3,2,3,12,11];214.0;[6.0,14.0,2.0];51;33;[0.0,9.0,8.0,10.0,6.0,0.0,0.0,0.0,0.0,0.0,0.0,0.0,0.0,0.0,0.0,0.0,0.0,0.0,0.0,0.0];0.00026297569274902344
4-8;[1,13,10];[4,3,2,1,2,3,12,13,14,9,10,9,8];277.0;[1.0,13.0,10.0];41;27;[1.0,6.0,8.0,7.0,5.0,0.0,0.0,0.0,0.0,0.0,0.0,0.0,0.0,0.0,0.0,0.0,0.0,0.0,0.0,0.0];0.00023674964904785156
0-5;[3,11,8];[0,11,12,3,4,5,6,14,9,8,9,14,6,5];277.0;[11.0,3.0,8.0];52;27;[1.0,6.0,5.0,8.0,7.0,0.0,0.0,0.0,0.0,0.0,0.0,0.0,0.0,0.0,0.0,0.0,0.0,0.0,0.0,0.0];0.000263214111328125
0-6;[2,9,13];[0,1,2,3,12,13,14,9,14,6];204.0;[2.0,13.0,9.0];39;21;[2.0,4.0,2.0,5.0,8.0,0.0,0.0,0.0,0.0,0.0,0.0,0.0,0.0,0.0,0.0,0.0,0.0,0.0,0.0,0.0];7.224082946777344e-05
1-13;[4,14,8];[1,2,3,4,5,6,14,9,8,9,14,13];226.0;[4.0,14.0,8.0];35;15;[2.0,5.0,1.0,4.0,3.0,0.0,0.0,0.0,0.0,0.0,0.0,0.0,0.0,0.0,0.0,0.0,0.0,0.0,0.0,0.0];0.0002925395965576172
1-5;[11,6,14];[1,0,11,13,14,6,5];178.0;[11.0,14.0,6.0];37;18;[2.0,4.0,3.0,6.0,3.0,0.0,0.0,0.0,0.0,0.0,0.0,0.0,0.0,0.0,0.0,0.0,0.0,0.0,0.0,0.0];0.00011897087097167969
12-14;[7,8,4];[12,3,4,5,6,7,8,9,14];179.0;[4.0,7.0,8.0];61;39;[0.0,8.0,7.0,13.0,11.0,0.0,0.0,0.0,0.0,0.0,0.0,0.0,0.0,0.0,0.0,0.0,0.0,0.0,0.0,0.0];0.00020503997802734375
5-10;[12,7,3];[5,4,3,12,13,6,7,8,9,10];236.0;[3.0,12.0,7.0];54;38;[0.0,8.0,9.0,13.0,8.0,0.0,0.0,0.0,0.0,0.0,0.0,0.0,0.0,0.0,0.0,0.0,0.0,0.0,0.0,0.0];0.00025463104248046875
5-11;[9,1,4];[5,6,14,9,14,6,5,4,3,2,1,0,11];255.0;[9.0,4.0,1.0];50;43;[0.0,7.0,13.0,11.0,12.0,0.0,0.0,0.0,0.0,0.0,0.0,0.0,0.0,0.0,0.0,0.0,0.0,0.0,0.0,0.0];0.0002541542053222656
11-14;[7,1,5];[11,0,1,2,3,4,5,6,7,6,14];259.0;[1.0,5.0,7.0];61;45;[0.0,7.0,9.0,14.0,15.0,0.0,0.0,0.0,0.0,0.0,0.0,0.0,0.0,0.0,0.0,0.0,0.0,0.0,0.0,0.0];0.00020456314086914062
8-13;[12,10,11];[8,9,10,11,12,13];189.0;[10.0,11.0,12.0];60;35;[1.0,5.0,4.0,11.0,14.0,0.0,0.0,0.0,0.0,0.0,0.0,0.0,0.0,0.0,0.0,0.0,0.0,0.0,0.0,0.0];0.000141143798828125
1-8;[4,2,9];[1,2,3,4,5,6,14,9,8];151.0;[2.0,4.0,9.0];45;27;[1.0,6.0,7.0,7.0,6.0,0.0,0.0,0.0,0.0,0.0,0.0,0.0,0.0,0.0,0.0,0.0,0.0,0.0,0.0,0.0];0.00026726722717285156
2-8;[11,4,13];[2,3,12,11,13,6,5,4,5,6,14,9,8];238.0;[11.0,13.0,4.0];53;31;[0.0,9.0,8.0,10.0,4.0,0.0,0.0,0.0,0.0,0.0,0.0,0.0,0.0,0.0,0.0,0.0,0.0,0.0,0.0,0.0];9.512901306152344e-05
1-10;[0,3,12];[1,0,1,2,3,12,11,10];202.0;[0.0,3.0,12.0];41;38;[0.0,8.0,12.0,14.0,4.0,0.0,0.0,0.0,0.0,0.0,0.0,0.0,0.0,0.0,0.0,0.0,0.0,0.0,0.0,0.0];0.00016236305236816406
1-7;[5,14,12];[1,2,3,12,3,4,5,6,14,6,7];196.0;[12.0,5.0,14.0];58;40;[0.0,8.0,7.0,15.0,10.0,0.0,0.0,0.0,0.0,0.0,0.0,0.0,0.0,0.0,0.0,0.0,0.0,0.0,0.0,0.0];0.0002334117889404297
2-10;[11,13,0];[2,1,0,11,13,14,9,10];200.0;[0.0,11.0,13.0];57;41;[0.0,7.0,11.0,14.0,9.0,0.0,0.0,0.0,0.0,0.0,0.0,0.0,0.0,0.0,0.0,0.0,0.0,0.0,0.0,0.0];0.00018024444580078125
1-9;[11,10,7];[1,0,11,10,9,8,7,8,9];244.0;[11.0,10.0,7.0];38;14;[2.0,5.0,1.0,2.0,4.0,0.0,0.0,0.0,0.0,0.0,0.0,0.0,0.0,0.0,0.0,0.0,0.0,0.0,0.0,0.0];0.00017499923706054688
0-8;[10,4,2];[0,1,2,3,4,5,6,14,9,10,9,8];234.0;[2.0,4.0,10.0];64;48;[0.0,6.0,10.0,19.0,13.0,0.0,0.0,0.0,0.0,0.0,0.0,0.0,0.0,0.0,0.0,0.0,0.0,0.0,0.0,0.0];0.0004372596740722656
2-7;[8,14,0];[2,1,0,11,13,14,9,8,7];211.0;[0.0,14.0,8.0];69;48;[0.0,6.0,9.0,18.0,15.0,0.0,0.0,0.0,0.0,0.0,0.0,0.0,0.0,0.0,0.0,0.0,0.0,0.0,0.0,0.0];0.0005750656127929688
3-8;[13,11,0];[3,2,1,0,11,13,14,9,8];207.0;[0.0,11.0,13.0];45;40;[0.0,7.0,14.0,15.0,4.0,0.0,0.0,0.0,0.0,0.0,0.0,0.0,0.0,0.0,0.0,0.0,0.0,0.0,0.0,0.0];0.0001842975616455078
2-9;[4,13,12];[2,3,12,13,6,5,4,5,6,14,9];194.0;[12.0,13.0,4.0];51;25;[1.0,6.0,6.0,7.0,5.0,0.0,0.0,0.0,0.0,0.0,0.0,0.0,0.0,0.0,0.0,0.0,0.0,0.0,0.0,0.0];0.0003216266632080078
0-7;[12,10,11];[0,1,2,3,12,11,10,9,8,7];238.0;[12.0,11.0,10.0];45;28;[1.0,6.0,7.0,6.0,8.0,0.0,0.0,0.0,0.0,0.0,0.0,0.0,0.0,0.0,0.0,0.0,0.0,0.0,0.0,0.0];0.0002090930938720703
3-10;[9,13,7];[3,12,13,6,7,8,9,10];182.0;[13.0,7.0,9.0];54;33;[1.0,5.0,6.0,11.0,10.0,0.0,0.0,0.0,0.0,0.0,0.0,0.0,0.0,0.0,0.0,0.0,0.0,0.0,0.0,0.0];0.0002086162567138672
8-12;[10,1,2];[8,9,10,11,0,1,2,3,12];225.0;[10.0,1.0,2.0];33;20;[2.0,4.0,3.0,8.0,3.0,0.0,0.0,0.0,0.0,0.0,0.0,0.0,0.0,0.0,0.0,0.0,0.0,0.0,0.0,0.0];0.00022292137145996094
1-14;[5,3,13];[1,2,3,12,13,6,5,6,14];157.0;[3.0,13.0,5.0];57;34;[1.0,5.0,5.0,11.0,12.0,0.0,0.0,0.0,0.0,0.0,0.0,0.0,0.0,0.0,0.0,0.0,0.0,0.0,0.0,0.0];0.0002875328063964844
0-9;[10,1,11];[0,1,0,11,10,9];197.0;[1.0,11.0,10.0];60;41;[0.0,7.0,11.0,11.0,12.0,0.0,0.0,0.0,0.0,0.0,0.0,0.0,0.0,0.0,0.0,0.0,0.0,0.0,0.0,0.0];0.0002644062042236328
8-11;[13,0,4];[8,9,14,6,5,4,5,6,13,11,0,11];255.0;[4.0,13.0,0.0];53;23;[1.0,7.0,3.0,4.0,8.0,0.0,0.0,0.0,0.0,0.0,0.0,0.0,0.0,0.0,0.0,0.0,0.0,0.0,0.0,0.0];0.0002346038818359375
0-10;[3,14,11];[0,11,12,3,4,5,6,14,9,10];217.0;[11.0,3.0,14.0];47;26;[1.0,6.0,7.0,6.0,6.0,0.0,0.0,0.0,0.0,0.0,0.0,0.0,0.0,0.0,0.0,0.0,0.0,0.0,0.0,0.0];0.0004067420959472656
3-7;[6,13,8];[3,12,13,6,14,9,8,7];153.0;[13.0,6.0,8.0];52;27;[1.0,6.0,5.0,8.0,7.0,0.0,0.0,0.0,0.0,0.0,0.0,0.0,0.0,0.0,0.0,0.0,0.0,0.0,0.0,0.0];0.00022459030151367188
3-9;[10,14,6];[3,4,5,6,14,9,10,9];161.0;[6.0,14.0,10.0];70;43;[0.0,7.0,7.0,15.0,14.0,0.0,0.0,0.0,0.0,0.0,0.0,0.0,0.0,0.0,0.0,0.0,0.0,0.0,0.0,0.0];0.0002770423889160156
2-14;[4,9,5];[2,3,4,5,6,14,9,14];143.0;[4.0,5.0,9.0];43;18;[2.0,4.0,2.0,4.0,6.0,0.0,0.0,0.0,0.0,0.0,0.0,0.0,0.0,0.0,0.0,0.0,0.0,0.0,0.0,0.0];0.0002884864807128906
10-12;[8,14,1];[10,9,8,9,14,6,5,4,3,2,1,2,3,12];235.0;[8.0,14.0,1.0];34;20;[1.0,8.0,5.0,3.0,3.0,0.0,0.0,0.0,0.0,0.0,0.0,0.0,0.0,0.0,0.0,0.0,0.0,0.0,0.0,0.0];0.0003533363342285156
7-12;[11,4,2];[7,6,5,4,3,2,3,12,11,12];218.0;[4.0,2.0,11.0];66;31;[1.0,5.0,4.0,9.0,12.0,0.0,0.0,0.0,0.0,0.0,0.0,0.0,0.0,0.0,0.0,0.0,0.0,0.0,0.0,0.0];0.0002713203430175781
7-11;[0,2,3];[7,6,5,4,3,2,1,0,11];204.0;[3.0,2.0,0.0];58;35;[0.0,8.0,9.0,12.0,6.0,0.0,0.0,0.0,0.0,0.0,0.0,0.0,0.0,0.0,0.0,0.0,0.0,0.0,0.0,0.0];0.0004482269287109375
9-12;[10,11,4];[9,10,9,14,6,5,4,3,12,11,12];236.0;[10.0,4.0,11.0];50;28;[1.0,6.0,5.0,9.0,7.0,0.0,0.0,0.0,0.0,0.0,0.0,0.0,0.0,0.0,0.0,0.0,0.0,0.0,0.0,0.0];0.00024509429931640625
1-6;[4,3,13];[1,2,3,4,5,6,13,6];148.0;[3.0,4.0,13.0];52;32;[1.0,5.0,7.0,10.0,9.0,0.0,0.0,0.0,0.0,0.0,0.0,0.0,0.0,0.0,0.0,0.0,0.0,0.0,0.0,0.0];0.00023412704467773438
0-14;[1,5,13];[0,1,2,3,12,13,6,5,6,14];186.0;[1.0,13.0,5.0];38;18;[2.0,4.0,3.0,5.0,4.0,0.0,0.0,0.0,0.0,0.0,0.0,0.0,0.0,0.0,0.0,0.0,0.0,0.0,0.0,0.0];0.00027680397033691406
9-11;[4,1,6];[9,14,6,5,4,3,2,1,0,11];202.0;[6.0,4.0,1.0];51;28;[1.0,6.0,5.0,8.0,8.0,0.0,0.0,0.0,0.0,0.0,0.0,0.0,0.0,0.0,0.0,0.0,0.0,0.0,0.0,0.0];0.0003311634063720703
4-10;[5,14,6];[4,5,6,14,9,10];94.0;[5.0,6.0,14.0];32;19;[2.0,4.0,4.0,6.0,3.0,0.0,0.0,0.0,0.0,0.0,0.0,0.0,0.0,0.0,0.0,0.0,0.0,0.0,0.0,0.0];0.0002651214599609375
3-14;[6,13,12];[3,12,13,6,14];96.0;[12.0,13.0,6.0];66;50;[0.0,6.0,9.0,19.0,16.0,0.0,0.0,0.0,0.0,0.0,0.0,0.0,0.0,0.0,0.0,0.0,0.0,0.0,0.0,0.0];0.0002689361572265625
2-6;[3,7,5];[2,3,4,5,6,7,6];164.0;[3.0,5.0,7.0];38;22;[2.0,4.0,2.0,5.0,9.0,0.0,0.0,0.0,0.0,0.0,0.0,0.0,0.0,0.0,0.0,0.0,0.0,0.0,0.0,0.0];0.00019121170043945312
10-13;[5,3,0];[10,11,0,1,2,3,4,5,6,13];264.0;[0.0,3.0,5.0];42;19;[1.0,8.0,3.0,4.0,3.0,0.0,0.0,0.0,0.0,0.0,0.0,0.0,0.0,0.0,0.0,0.0,0.0,0.0,0.0,0.0];9.775161743164062e-05
4-11;[10,1,7];[4,3,2,1,2,3,4,5,6,7,8,9,10,11];341.0;[1.0,7.0,10.0];67;43;[0.0,7.0,8.0,14.0,14.0,0.0,0.0,0.0,0.0,0.0,0.0,0.0,0.0,0.0,0.0,0.0,0.0,0.0,0.0,0.0];0.00022101402282714844
4-8;[10,13,5];[4,5,6,13,14,9,10,9,8];185.0;[5.0,13.0,10.0];60;48;[0.0,6.0,11.0,19.0,12.0,0.0,0.0,0.0,0.0,0.0,0.0,0.0,0.0,0.0,0.0,0.0,0.0,0.0,0.0,0.0];0.00029015541076660156
0-5;[13,12,9];[0,1,2,3,12,13,14,9,14,6,5];221.0;[12.0,13.0,9.0];55;27;[1.0,6.0,4.0,9.0,7.0,0.0,0.0,0.0,0.0,0.0,0.0,0.0,0.0,0.0,0.0,0.0,0.0,0.0,0.0,0.0];0.00028061866760253906
0-6;[5,10,12];[0,1,2,3,12,11,10,9,14,6,5,6];270.0;[12.0,10.0,5.0];86;43;[0.0,6.0,7.0,14.0,16.0,0.0,0.0,0.0,0.0,0.0,0.0,0.0,0.0,0.0,0.0,0.0,0.0,0.0,0.0,0.0];0.00022602081298828125
1-13;[10,9,14];[1,0,11,10,9,14,13];226.0;[10.0,9.0,14.0];47;23;[1.0,6.0,7.0,9.0,0.0,0.0,0.0,0.0,0.0,0.0,0.0,0.0,0.0,0.0,0.0,0.0,0.0,0.0,0.0,0.0];0.0002529621124267578
1-5;[14,9,0];[1,0,11,13,14,9,14,6,5];216.0;[0.0,14.0,9.0];61;43;[0.0,7.0,9.0,16.0,11.0,0.0,0.0,0.0,0.0,0.0,0.0,0.0,0.0,0.0,0.0,0.0,0.0,0.0,0.0,0.0];0.0012879371643066406
12-14;[1,3,9];[12,3,2,1,2,3,4,5,6,14,9,14];193.0;[1.0,3.0,9.0];42;28;[0.0,10.0,9.0,5.0,4.0,0.0,0.0,0.0,0.0,0.0,0.0,0.0,0.0,0.0,0.0,0.0,0.0,0.0,0.0,0.0];0.00020003318786621094
5-10;[12,3,11];[5,4,3,12,11,10];171.0;[3.0,12.0,11.0];38;22;[1.0,7.0,7.0,4.0,3.0,0.0,0.0,0.0,0.0,0.0,0.0,0.0,0.0,0.0,0.0,0.0,0.0,0.0,0.0,0.0];0.0002791881561279297
5-11;[10,9,0];[5,6,14,9,10,11,0,11];231.0;[9.0,10.0,0.0];46;28;[1.0,6.0,6.0,9.0,6.0,0.0,0.0,0.0,0.0,0.0,0.0,0.0,0.0,0.0,0.0,0.0,0.0,0.0,0.0,0.0];7.176399230957031e-05
11-14;[6,10,4];[11,10,9,14,6,5,4,5,6,14];215.0;[10.0,6.0,4.0];69;39;[0.0,8.0,5.0,13.0,13.0,0.0,0.0,0.0,0.0,0.0,0.0,0.0,0.0,0.0,0.0,0.0,0.0,0.0,0.0,0.0];0.00030303001403808594
8-13;[0,4,7];[8,7,6,5,4,3,2,1,0,11,13];262.0;[7.0,4.0,0.0];70;48;[0.0,7.0,5.0,18.0,18.0,0.0,0.0,0.0,0.0,0.0,0.0,0.0,0.0,0.0,0.0,0.0,0.0,0.0,0.0,0.0];0.0002884864807128906
1-8;[5,9,2];[1,2,3,4,5,6,14,9,8];151.0;[2.0,5.0,9.0];53;41;[0.0,8.0,8.0,15.0,10.0,0.0,0.0,0.0,0.0,0.0,0.0,0.0,0.0,0.0,0.0,0.0,0.0,0.0,0.0,0.0];0.00023484230041503906
2-8;[12,6,5];[2,3,12,3,4,5,6,14,9,8];167.0;[12.0,5.0,6.0];32;19;[2.0,4.0,4.0,6.0,3.0,0.0,0.0,0.0,0.0,0.0,0.0,0.0,0.0,0.0,0.0,0.0,0.0,0.0,0.0,0.0];0.00025177001953125
1-10;[14,2,9];[1,2,3,4,5,6,14,9,10];161.0;[2.0,14.0,9.0];49;32;[1.0,6.0,4.0,10.0,11.0,0.0,0.0,0.0,0.0,0.0,0.0,0.0,0.0,0.0,0.0,0.0,0.0,0.0,0.0,0.0];0.0002727508544921875
1-7;[5,8,6];[1,2,3,4,5,6,14,9,8,7];172.0;[5.0,6.0,8.0];45;17;[2.0,4.0,2.0,3.0,6.0,0.0,0.0,0.0,0.0,0.0,0.0,0.0,0.0,0.0,0.0,0.0,0.0,0.0,0.0,0.0];0.00016999244689941406
2-10;[3,12,6];[2,3,12,13,6,14,9,10];159.0;[3.0,12.0,6.0];32;19;[1.0,8.0,6.0,2.0,2.0,0.0,0.0,0.0,0.0,0.0,0.0,0.0,0.0,0.0,0.0,0.0,0.0,0.0,0.0,0.0];6.031990051269531e-05
1-9;[6,3,0];[1,0,1,2,3,4,5,6,14,9];192.0;[0.0,3.0,6.0];56;42;[0.0,7.0,11.0,14.0,10.0,0.0,0.0,0.0,0.0,0.0,0.0,0.0,0.0,0.0,0.0,0.0,0.0,0.0,0.0,0.0];0.00023698806762695312
0-8;[5,4,10];[0,1,2,3,4,5,6,14,9,10,9,8];234.0;[4.0,5.0,10.0];47;19;[1.0,8.0,2.0,3.0,5.0,0.0,0.0,0.0,0.0,0.0,0.0,0.0,0.0,0.0,0.0,0.0,0.0,0.0,0.0,0.0];0.000171661376953125
2-7;[3,12,4];[2,3,12,3,4,5,6,7];152.0;[3.0,12.0,4.0];40;26;[0.0,11.0,6.0,6.0,3.0,0.0,0.0,0.0,0.0,0.0,0.0,0.0,0.0,0.0,0.0,0.0,0.0,0.0,0.0,0.0];0.0003237724304199219
3-8;[9,10,4];[3,4,5,6,14,9,10,9,8];178.0;[4.0,9.0,10.0];65;45;[0.0,7.0,7.0,18.0,13.0,0.0,0.0,0.0,0.0,0.0,0.0,0.0,0.0,0.0,0.0,0.0,0.0,0.0,0.0,0.0];0.00030112266540527344
2-9;[13,11,5];[2,3,12,11,13,6,5,6,14,9];193.0;[11.0,13.0,5.0];47;24;[1.0,7.0,4.0,5.0,7.0,0.0,0.0,0.0,0.0,0.0,0.0,0.0,0.0,0.0,0.0,0.0,0.0,0.0,0.0,0.0];6.270408630371094e-05
0-7;[11,2,6];[0,1,2,3,12,11,13,6,7];200.0;[2.0,11.0,6.0];38;23;[1.0,7.0,7.0,3.0,5.0,0.0,0.0,0.0,0.0,0.0,0.0,0.0,0.0,0.0,0.0,0.0,0.0,0.0,0.0,0.0];0.00027108192443847656
3-10;[9,5,7];[3,4,5,6,7,8,9,10];174.0;[5.0,7.0,9.0];56;34;[1.0,5.0,5.0,12.0,11.0,0.0,0.0,0.0,0.0,0.0,0.0,0.0,0.0,0.0,0.0,0.0,0.0,0.0,0.0,0.0];0.00024962425231933594
8-12;[13,5,7];[8,7,6,5,6,13,12];159.0;[7.0,5.0,13.0];58;45;[0.0,6.0,13.0,16.0,10.0,0.0,0.0,0.0,0.0,0.0,0.0,0.0,0.0,0.0,0.0,0.0,0.0,0.0,0.0,0.0];0.00022459030151367188
1-14;[3,6,12];[1,2,3,12,13,6,14];123.0;[3.0,12.0,6.0];39;22;[1.0,7.0,7.0,3.0,4.0,0.0,0.0,0.0,0.0,0.0,0.0,0.0,0.0,0.0,0.0,0.0,0.0,0.0,0.0,0.0];0.00023889541625976562
0-9;[12,6,1];[0,1,2,3,12,13,6,14,9];171.0;[1.0,12.0,6.0];47;34;[0.0,9.0,9.0,9.0,7.0,0.0,0.0,0.0,0.0,0.0,0.0,0.0,0.0,0.0,0.0,0.0,0.0,0.0,0.0,0.0];0.0002951622009277344
8-11;[13,0,12];[8,9,14,13,12,3,2,1,0,11];224.0;[13.0,12.0,0.0];48;15;[2.0,4.0,2.0,2.0,5.0,0.0,0.0,0.0,0.0,0.0,0.0,0.0,0.0,0.0,0.0,0.0,0.0,0.0,0.0,0.0];0.0002224445343017578
0-10;[14,9,8];[0,11,13,14,9,8,9,10];195.0;[14.0,9.0,8.0];40;16;[2.0,4.0,3.0,5.0,2.0,0.0,0.0,0.0,0.0,0.0,0.0,0.0,0.0,0.0,0.0,0.0,0.0,0.0,0.0,0.0];0.0002532005310058594
3-7;[14,4,5];[3,4,5,6,14,6,7];143.0;[4.0,5.0,14.0];49;30;[1.0,5.0,8.0,11.0,5.0,0.0,0.0,0.0,0.0,0.0,0.0,0.0,0.0,0.0,0.0,0.0,0.0,0.0,0.0,0.0];0.00022673606872558594
3-9;[10,8,12];[3,12,11,10,9,8,9];178.0;[12.0,10.0,8.0];66;46;[0.0,7.0,7.0,16.0,16.0,0.0,0.0,0.0,0.0,0.0,0.0,0.0,0.0,0.0,0.0,0.0,0.0,0.0,0.0,0.0];0.00022554397583007812
2-14;[3,5,0];[2,1,0,1,2,3,4,5,6,14];183.0;[0.0,3.0,5.0];44;31;[0.0,9.0,11.0,7.0,4.0,0.0,0.0,0.0,0.0,0.0,0.0,0.0,0.0,0.0,0.0,0.0,0.0,0.0,0.0,0.0];0.0001690387725830078
10-12;[11,7,4];[10,9,8,7,6,5,4,3,12,11,12];249.0;[7.0,4.0,11.0];54;33;[1.0,5.0,6.0,11.0,10.0,0.0,0.0,0.0,0.0,0.0,0.0,0.0,0.0,0.0,0.0,0.0,0.0,0.0,0.0,0.0];0.0002498626708984375
7-12;[2,3,5];[7,6,5,4,3,2,3,12];156.0;[5.0,2.0,3.0];68;49;[0.0,6.0,8.0,22.0,13.0,0.0,0.0,0.0,0.0,0.0,0.0,0.0,0.0,0.0,0.0,0.0,0.0,0.0,0.0,0.0];0.0002281665802001953
7-11;[2,1,14];[7,6,14,6,5,4,3,2,1,0,11];238.0;[14.0,2.0,1.0];60;35;[0.0,9.0,5.0,11.0,10.0,0.0,0.0,0.0,0.0,0.0,0.0,0.0,0.0,0.0,0.0,0.0,0.0,0.0,0.0,0.0];0.00026607513427734375
9-12;[5,10,2];[9,10,9,14,6,5,4,3,2,3,12];208.0;[10.0,5.0,2.0];50;30;[1.0,6.0,4.0,11.0,8.0,0.0,0.0,0.0,0.0,0.0,0.0,0.0,0.0,0.0,0.0,0.0,0.0,0.0,0.0,0.0];0.00029206275939941406
1-6;[5,10,3];[1,2,3,4,5,6,14,9,10,9,14,6];224.0;[3.0,5.0,10.0];64;45;[0.0,7.0,8.0,15.0,15.0,0.0,0.0,0.0,0.0,0.0,0.0,0.0,0.0,0.0,0.0,0.0,0.0,0.0,0.0,0.0];0.00018906593322753906
0-14;[12,7,4];[0,1,2,3,12,3,4,5,6,7,6,14];246.0;[12.0,4.0,7.0];45;17;[2.0,4.0,2.0,3.0,6.0,0.0,0.0,0.0,0.0,0.0,0.0,0.0,0.0,0.0,0.0,0.0,0.0,0.0,0.0,0.0];0.0002665519714355469
9-11;[10,5,0];[9,10,9,14,6,5,4,3,2,1,0,11];256.0;[10.0,5.0,0.0];43;27;[1.0,6.0,8.0,5.0,7.0,0.0,0.0,0.0,0.0,0.0,0.0,0.0,0.0,0.0,0.0,0.0,0.0,0.0,0.0,0.0];0.0002734661102294922
4-10;[9,7,13];[4,5,6,13,6,7,8,9,10];184.0;[13.0,7.0,9.0];58;40;[0.0,7.0,11.0,14.0,8.0,0.0,0.0,0.0,0.0,0.0,0.0,0.0,0.0,0.0,0.0,0.0,0.0,0.0,0.0,0.0];0.00026869773864746094
3-14;[10,7,13];[3,12,13,6,7,8,9,10,9,14];228.0;[13.0,7.0,10.0];74;41;[0.0,7.0,7.0,13.0,14.0,0.0,0.0,0.0,0.0,0.0,0.0,0.0,0.0,0.0,0.0,0.0,0.0,0.0,0.0,0.0];0.00018525123596191406
2-6;[5,13,10];[2,3,12,13,14,9,10,9,14,6,5,6];253.0;[13.0,10.0,5.0];66;35;[0.0,9.0,4.0,9.0,13.0,0.0,0.0,0.0,0.0,0.0,0.0,0.0,0.0,0.0,0.0,0.0,0.0,0.0,0.0,0.0];0.00028395652770996094
10-13;[6,4,3];[10,9,14,6,5,4,3,12,13];188.0;[6.0,4.0,3.0];40;12;[2.0,5.0,1.0,2.0,2.0,0.0,0.0,0.0,0.0,0.0,0.0,0.0,0.0,0.0,0.0,0.0,0.0,0.0,0.0,0.0];0.00017452239990234375
4-11;[7,0,2];[4,5,6,7,6,5,4,3,2,1,0,11];273.0;[7.0,2.0,0.0];48;40;[0.0,8.0,10.0,13.0,9.0,0.0,0.0,0.0,0.0,0.0,0.0,0.0,0.0,0.0,0.0,0.0,0.0,0.0,0.0,0.0];0.0002334117889404297
4-8;[9,13,1];[4,3,2,1,2,3,12,13,14,9,8];223.0;[1.0,13.0,9.0];59;45;[0.0,7.0,9.0,16.0,13.0,0.0,0.0,0.0,0.0,0.0,0.0,0.0,0.0,0.0,0.0,0.0,0.0,0.0,0.0,0.0];0.0007088184356689453
0-5;[10,7,6];[0,11,10,9,8,7,6,5];232.0;[10.0,7.0,6.0];42;21;[1.0,7.0,6.0,5.0,2.0,0.0,0.0,0.0,0.0,0.0,0.0,0.0,0.0,0.0,0.0,0.0,0.0,0.0,0.0,0.0];0.0001804828643798828
0-6;[13,3,4];[0,1,2,3,4,5,6,13,6];177.0;[3.0,4.0,13.0];52;24;[1.0,7.0,3.0,4.0,9.0,0.0,0.0,0.0,0.0,0.0,0.0,0.0,0.0,0.0,0.0,0.0,0.0,0.0,0.0,0.0];0.00017380714416503906
1-13;[3,8,7];[1,2,3,4,5,6,7,8,9,14,13];232.0;[3.0,7.0,8.0];36;18;[2.0,4.0,3.0,7.0,2.0,0.0,0.0,0.0,0.0,0.0,0.0,0.0,0.0,0.0,0.0,0.0,0.0,0.0,0.0,0.0];0.00032591819763183594
1-5;[13,4,10];[1,2,3,12,13,14,9,10,9,14,6,5,4,5];274.0;[13.0,10.0,4.0];58;34;[0.0,9.0,6.0,10.0,9.0,0.0,0.0,0.0,0.0,0.0,0.0,0.0,0.0,0.0,0.0,0.0,0.0,0.0,0.0,0.0];0.00022482872009277344
12-14;[2,5,1];[12,3,2,1,2,3,4,5,6,14];155.0;[2.0,1.0,5.0];41;29;[0.0,10.0,9.0,5.0,5.0,0.0,0.0,0.0,0.0,0.0,0.0,0.0,0.0,0.0,0.0,0.0,0.0,0.0,0.0,0.0];0.00036978721618652344
5-10;[12,11,9];[5,4,3,12,11,13,14,9,10];220.0;[12.0,11.0,9.0];44;26;[0.0,11.0,5.0,6.0,4.0,0.0,0.0,0.0,0.0,0.0,0.0,0.0,0.0,0.0,0.0,0.0,0.0,0.0,0.0,0.0];0.00018358230590820312
5-11;[4,0,8];[5,4,5,6,14,9,8,9,14,13,11,0,11];288.0;[4.0,8.0,0.0];48;30;[0.0,10.0,7.0,5.0,8.0,0.0,0.0,0.0,0.0,0.0,0.0,0.0,0.0,0.0,0.0,0.0,0.0,0.0,0.0,0.0];0.0003452301025390625
11-14;[4,13,10];[11,13,6,5,4,5,6,14,9,10,9,14];233.0;[13.0,4.0,10.0];64;39;[0.0,8.0,6.0,14.0,11.0,0.0,0.0,0.0,0.0,0.0,0.0,0.0,0.0,0.0,0.0,0.0,0.0,0.0,0.0,0.0];0.0003826618194580078
8-13;[0,6,12];[8,9,14,6,13,11,0,1,2,3,12,13];264.0;[6.0,0.0,12.0];65;35;[0.0,9.0,4.0,10.0,12.0,0.0,0.0,0.0,0.0,0.0,0.0,0.0,0.0,0.0,0.0,0.0,0.0,0.0,0.0,0.0];0.0003025531768798828
1-8;[14,13,12];[1,2,3,12,13,14,9,8];156.0;[12.0,13.0,14.0];60;46;[0.0,6.0,12.0,17.0,11.0,0.0,0.0,0.0,0.0,0.0,0.0,0.0,0.0,0.0,0.0,0.0,0.0,0.0,0.0,0.0];0.0002129077911376953
2-8;[13,9,3];[2,3,12,13,14,9,8];146.0;[3.0,13.0,9.0];49;35;[0.0,9.0,8.0,10.0,8.0,0.0,0.0,0.0,0.0,0.0,0.0,0.0,0.0,0.0,0.0,0.0,0.0,0.0,0.0,0.0];0.0002701282501220703
1-10;[12,8,11];[1,2,3,12,11,13,14,9,8,9,10];227.0;[12.0,11.0,8.0];40;24;[1.0,7.0,6.0,4.0,6.0,0.0,0.0,0.0,0.0,0.0,0.0,0.0,0.0,0.0,0.0,0.0,0.0,0.0,0.0,0.0];0.00025200843811035156
1-7;[8,9,11];[1,0,11,13,14,9,8,7];201.0;[11.0,9.0,8.0];71;50;[0.0,6.0,8.0,18.0,18.0,0.0,0.0,0.0,0.0,0.0,0.0,0.0,0.0,0.0,0.0,0.0,0.0,0.0,0.0,0.0];0.0007190704345703125
2-10;[11,4,13];[2,3,4,5,6,13,11,10];223.0;[4.0,13.0,11.0];50;32;[1.0,5.0,7.0,12.0,7.0,0.0,0.0,0.0,0.0,0.0,0.0,0.0,0.0,0.0,0.0,0.0,0.0,0.0,0.0,0.0];0.00025653839111328125
1-9;[12,6,4];[1,2,3,12,3,4,5,6,14,9];160.0;[12.0,4.0,6.0];32;19;[2.0,4.0,4.0,6.0,3.0,0.0,0.0,0.0,0.0,0.0,0.0,0.0,0.0,0.0,0.0,0.0,0.0,0.0,0.0,0.0];7.05718994140625e-05
0-8;[7,14,4];[0,1,2,3,4,5,6,14,6,7,8];220.0;[4.0,14.0,7.0];69;41;[0.0,7.0,8.0,14.0,12.0,0.0,0.0,0.0,0.0,0.0,0.0,0.0,0.0,0.0,0.0,0.0,0.0,0.0,0.0,0.0];0.0002925395965576172
2-7;[13,9,14];[2,3,12,13,14,9,8,7];167.0;[13.0,14.0,9.0];44;16;[2.0,4.0,2.0,5.0,3.0,0.0,0.0,0.0,0.0,0.0,0.0,0.0,0.0,0.0,0.0,0.0,0.0,0.0,0.0,0.0];0.00020933151245117188
3-8;[4,14,2];[3,2,3,4,5,6,14,9,8];158.0;[2.0,4.0,14.0];46;35;[0.0,9.0,9.0,9.0,8.0,0.0,0.0,0.0,0.0,0.0,0.0,0.0,0.0,0.0,0.0,0.0,0.0,0.0,0.0,0.0];0.00024700164794921875
2-9;[4,6,3];[2,3,4,5,6,14,9];124.0;[3.0,4.0,6.0];48;38;[0.0,8.0,11.0,11.0,8.0,0.0,0.0,0.0,0.0,0.0,0.0,0.0,0.0,0.0,0.0,0.0,0.0,0.0,0.0,0.0];0.00034332275390625
0-7;[5,6,14];[0,1,2,3,4,5,6,14,6,7];199.0;[5.0,6.0,14.0];54;38;[0.0,7.0,12.0,16.0,3.0,0.0,0.0,0.0,0.0,0.0,0.0,0.0,0.0,0.0,0.0,0.0,0.0,0.0,0.0,0.0];0.0001900196075439453
3-10;[13,8,11];[3,12,11,13,14,9,8,9,10];200.0;[11.0,13.0,8.0];49;29;[1.0,6.0,5.0,9.0,8.0,0.0,0.0,0.0,0.0,0.0,0.0,0.0,0.0,0.0,0.0,0.0,0.0,0.0,0.0,0.0];0.00010156631469726562
8-12;[0,4,2];[8,9,14,6,5,4,3,2,1,0,1,2,3,12];249.0;[4.0,0.0,2.0];64;31;[1.0,5.0,4.0,11.0,10.0,0.0,0.0,0.0,0.0,0.0,0.0,0.0,0.0,0.0,0.0,0.0,0.0,0.0,0.0,0.0];0.0002846717834472656
1-14;[8,13,7];[1,2,3,12,13,6,7,8,9,14];201.0;[13.0,7.0,8.0];65;31;[1.0,5.0,4.0,10.0,11.0,0.0,0.0,0.0,0.0,0.0,0.0,0.0,0.0,0.0,0.0,0.0,0.0,0.0,0.0,0.0];0.00022101402282714844
0-9;[4,7,8];[0,1,2,3,4,5,6,7,8,9];203.0;[4.0,7.0,8.0];37;14;[2.0,5.0,1.0,3.0,3.0,0.0,0.0,0.0,0.0,0.0,0.0,0.0,0.0,0.0,0.0,0.0,0.0,0.0,0.0,0.0];0.00026917457580566406
8-11;[6,0,4];[8,9,14,6,5,4,3,2,1,0,11];219.0;[6.0,4.0,0.0];41;19;[2.0,4.0,2.0,5.0,6.0,0.0,0.0,0.0,0.0,0.0,0.0,0.0,0.0,0.0,0.0,0.0,0.0,0.0,0.0,0.0];0.00029468536376953125
0-10;[12,1,5];[0,1,2,3,12,3,4,5,6,14,9,10];216.0;[1.0,12.0,5.0];38;25;[1.0,7.0,6.0,5.0,6.0,0.0,0.0,0.0,0.0,0.0,0.0,0.0,0.0,0.0,0.0,0.0,0.0,0.0,0.0,0.0];6.604194641113281e-05
3-7;[0,14,2];[3,2,1,0,11,13,14,6,7];226.0;[2.0,0.0,14.0];46;33;[0.0,9.0,10.0,7.0,7.0,0.0,0.0,0.0,0.0,0.0,0.0,0.0,0.0,0.0,0.0,0.0,0.0,0.0,0.0,0.0];0.00020885467529296875
3-9;[10,11,2];[3,2,3,12,11,10,9];178.0;[2.0,11.0,10.0];61;50;[0.0,6.0,10.0,20.0,14.0,0.0,0.0,0.0,0.0,0.0,0.0,0.0,0.0,0.0,0.0,0.0,0.0,0.0,0.0,0.0];0.0002837181091308594
2-14;[1,11,10];[2,1,0,11,10,9,14];197.0;[1.0,11.0,10.0];30;14;[2.0,5.0,3.0,2.0,2.0,0.0,0.0,0.0,0.0,0.0,0.0,0.0,0.0,0.0,0.0,0.0,0.0,0.0,0.0,0.0];0.0002422332763671875
10-12;[11,2,4];[10,9,14,6,5,4,3,2,3,12,11,12];243.0;[4.0,2.0,11.0];49;28;[1.0,6.0,5.0,10.0,6.0,0.0,0.0,0.0,0.0,0.0,0.0,0.0,0.0,0.0,0.0,0.0,0.0,0.0,0.0,0.0];0.00022268295288085938
7-12;[3,0,11];[7,6,13,11,0,1,2,3,12];208.0;[11.0,0.0,3.0];58;35;[0.0,8.0,9.0,12.0,6.0,0.0,0.0,0.0,0.0,0.0,0.0,0.0,0.0,0.0,0.0,0.0,0.0,0.0,0.0,0.0];0.0002079010009765625
7-11;[6,1,8];[7,8,9,14,6,5,4,3,2,1,0,11];240.0;[8.0,6.0,1.0];52;38;[0.0,9.0,6.0,12.0,11.0,0.0,0.0,0.0,0.0,0.0,0.0,0.0,0.0,0.0,0.0,0.0,0.0,0.0,0.0,0.0];0.00020885467529296875
9-12;[13,2,7];[9,8,7,6,13,12,3,2,3,12];202.0;[7.0,13.0,2.0];55;38;[0.0,9.0,5.0,13.0,11.0,0.0,0.0,0.0,0.0,0.0,0.0,0.0,0.0,0.0,0.0,0.0,0.0,0.0,0.0,0.0];0.00019288063049316406
1-6;[10,5,11];[1,0,11,10,9,14,6,5,6];238.0;[11.0,10.0,5.0];77;48;[0.0,6.0,7.0,18.0,17.0,0.0,0.0,0.0,0.0,0.0,0.0,0.0,0.0,0.0,0.0,0.0,0.0,0.0,0.0,0.0];0.00028252601623535156
0-14;[3,5,13];[0,1,2,3,12,13,6,5,6,14];186.0;[3.0,13.0,5.0];40;16;[2.0,4.0,3.0,5.0,2.0,0.0,0.0,0.0,0.0,0.0,0.0,0.0,0.0,0.0,0.0,0.0,0.0,0.0,0.0,0.0];8.988380432128906e-05
9-11;[10,8,14];[9,8,9,14,9,10,11];172.0;[8.0,14.0,10.0];57;43;[0.0,7.0,10.0,16.0,10.0,0.0,0.0,0.0,0.0,0.0,0.0,0.0,0.0,0.0,0.0,0.0,0.0,0.0,0.0,0.0];0.0003151893615722656
4-10;[13,1,3];[4,3,2,1,2,3,12,13,14,9,10];233.0;[1.0,3.0,13.0];52;38;[0.0,8.0,9.0,15.0,6.0,0.0,0.0,0.0,0.0,0.0,0.0,0.0,0.0,0.0,0.0,0.0,0.0,0.0,0.0,0.0];0.00047850608825683594
3-14;[2,11,9];[3,2,3,12,11,13,14,9,14];192.0;[2.0,11.0,9.0];31;20;[1.0,8.0,6.0,2.0,3.0,0.0,0.0,0.0,0.0,0.0,0.0,0.0,0.0,0.0,0.0,0.0,0.0,0.0,0.0,0.0];7.295608520507812e-05
2-6;[13,9,12];[2,3,12,13,14,9,14,6];165.0;[12.0,13.0,9.0];61;42;[0.0,8.0,6.0,14.0,14.0,0.0,0.0,0.0,0.0,0.0,0.0,0.0,0.0,0.0,0.0,0.0,0.0,0.0,0.0,0.0];0.00018095970153808594
10-13;[7,1,3];[10,9,8,7,6,5,4,3,2,1,2,3,12,13];282.0;[7.0,1.0,3.0];39;23;[1.0,7.0,6.0,6.0,3.0,0.0,0.0,0.0,0.0,0.0,0.0,0.0,0.0,0.0,0.0,0.0,0.0,0.0,0.0,0.0];0.00035762786865234375
4-11;[9,3,5];[4,5,6,14,9,14,6,5,4,3,12,11];218.0;[9.0,5.0,3.0];54;42;[0.0,7.0,12.0,12.0,11.0,0.0,0.0,0.0,0.0,0.0,0.0,0.0,0.0,0.0,0.0,0.0,0.0,0.0,0.0,0.0];0.0005023479461669922
4-8;[10,2,5];[4,3,2,3,4,5,6,14,9,10,9,8];252.0;[2.0,5.0,10.0];63;48;[0.0,6.0,11.0,16.0,15.0,0.0,0.0,0.0,0.0,0.0,0.0,0.0,0.0,0.0,0.0,0.0,0.0,0.0,0.0,0.0];0.00024008750915527344
0-5;[10,2,7];[0,1,2,3,12,11,10,9,8,7,6,5];293.0;[2.0,10.0,7.0];55;30;[1.0,6.0,3.0,10.0,10.0,0.0,0.0,0.0,0.0,0.0,0.0,0.0,0.0,0.0,0.0,0.0,0.0,0.0,0.0,0.0];0.0002636909484863281
0-6;[9,5,8];[0,1,2,3,4,5,6,14,9,8,9,14,6];233.0;[5.0,9.0,8.0];63;35;[0.0,8.0,8.0,11.0,8.0,0.0,0.0,0.0,0.0,0.0,0.0,0.0,0.0,0.0,0.0,0.0,0.0,0.0,0.0,0.0];0.0003910064697265625
1-13;[2,9,5];[1,2,3,4,5,6,14,9,14,13];192.0;[2.0,5.0,9.0];38;21;[2.0,4.0,2.0,6.0,7.0,0.0,0.0,0.0,0.0,0.0,0.0,0.0,0.0,0.0,0.0,0.0,0.0,0.0,0.0,0.0];0.00011205673217773438
1-5;[6,13,14];[1,2,3,12,13,14,6,5];154.0;[13.0,14.0,6.0];63;29;[1.0,5.0,5.0,10.0,8.0,0.0,0.0,0.0,0.0,0.0,0.0,0.0,0.0,0.0,0.0,0.0,0.0,0.0,0.0,0.0];9.131431579589844e-05
12-14;[5,9,3];[12,3,4,5,6,14,9,14];139.0;[3.0,5.0,9.0];61;42;[0.0,8.0,6.0,14.0,14.0,0.0,0.0,0.0,0.0,0.0,0.0,0.0,0.0,0.0,0.0,0.0,0.0,0.0,0.0,0.0];8.296966552734375e-05
5-10;[13,6,4];[5,4,5,6,13,14,9,10];155.0;[4.0,6.0,13.0];61;44;[0.0,6.0,12.0,18.0,8.0,0.0,0.0,0.0,0.0,0.0,0.0,0.0,0.0,0.0,0.0,0.0,0.0,0.0,0.0,0.0];0.00014710426330566406
5-11;[6,12,3];[5,6,5,4,3,12,11];132.0;[6.0,3.0,12.0];33;20;[2.0,4.0,3.0,8.0,3.0,0.0,0.0,0.0,0.0,0.0,0.0,0.0,0.0,0.0,0.0,0.0,0.0,0.0,0.0,0.0];9.369850158691406e-05
11-14;[10,7,8];[11,10,9,8,7,6,14];193.0;[10.0,8.0,7.0];44;16;[2.0,4.0,2.0,5.0,3.0,0.0,0.0,0.0,0.0,0.0,0.0,0.0,0.0,0.0,0.0,0.0,0.0,0.0,0.0,0.0];0.00010180473327636719
8-13;[9,0,11];[8,9,14,13,11,0,11,13];227.0;[9.0,0.0,11.0];33;22;[2.0,4.0,2.0,10.0,4.0,0.0,0.0,0.0,0.0,0.0,0.0,0.0,0.0,0.0,0.0,0.0,0.0,0.0,0.0,0.0];8.416175842285156e-05
1-8;[10,5,3];[1,2,3,4,5,6,14,9,10,9,8];205.0;[3.0,5.0,10.0];67;49;[0.0,6.0,9.0,19.0,15.0,0.0,0.0,0.0,0.0,0.0,0.0,0.0,0.0,0.0,0.0,0.0,0.0,0.0,0.0,0.0];9.608268737792969e-05
2-8;[11,10,9];[2,3,12,11,10,9,8];178.0;[11.0,10.0,9.0];30;16;[2.0,5.0,2.0,4.0,3.0,0.0,0.0,0.0,0.0,0.0,0.0,0.0,0.0,0.0,0.0,0.0,0.0,0.0,0.0,0.0];9.369850158691406e-05
1-10;[4,3,11];[1,2,3,4,3,12,11,10];224.0;[4.0,3.0,11.0];44;32;[0.0,10.0,6.0,11.0,5.0,0.0,0.0,0.0,0.0,0.0,0.0,0.0,0.0,0.0,0.0,0.0,0.0,0.0,0.0,0.0];0.00010228157043457031
1-7;[14,5,6];[1,2,3,4,5,6,14,6,7];170.0;[5.0,14.0,6.0];56;29;[1.0,5.0,6.0,13.0,4.0,0.0,0.0,0.0,0.0,0.0,0.0,0.0,0.0,0.0,0.0,0.0,0.0,0.0,0.0,0.0];9.202957153320312e-05
2-10;[9,7,13];[2,3,12,13,6,7,8,9,10];199.0;[13.0,7.0,9.0];70;44;[0.0,6.0,10.0,17.0,11.0,0.0,0.0,0.0,0.0,0.0,0.0,0.0,0.0,0.0,0.0,0.0,0.0,0.0,0.0,0.0];0.00011587142944335938
1-9;[2,10,5];[1,2,3,4,5,6,14,9,10,9];188.0;[2.0,5.0,10.0];36;20;[2.0,4.0,3.0,5.0,6.0,0.0,0.0,0.0,0.0,0.0,0.0,0.0,0.0,0.0,0.0,0.0,0.0,0.0,0.0,0.0];0.0001227855682373047
0-8;[4,6,14];[0,1,2,3,4,5,6,14,9,8];180.0;[4.0,6.0,14.0];40;11;[2.0,5.0,1.0,3.0,0.0,0.0,0.0,0.0,0.0,0.0,0.0,0.0,0.0,0.0,0.0,0.0,0.0,0.0,0.0,0.0];9.846687316894531e-05
2-7;[3,10,4];[2,3,4,5,6,14,9,10,9,8,7];216.0;[3.0,4.0,10.0];38;19;[2.0,4.0,3.0,4.0,6.0,0.0,0.0,0.0,0.0,0.0,0.0,0.0,0.0,0.0,0.0,0.0,0.0,0.0,0.0,0.0];0.00010919570922851562
3-8;[0,11,1];[3,2,1,0,11,13,14,9,8];207.0;[1.0,0.0,11.0];55;43;[0.0,6.0,14.0,17.0,6.0,0.0,0.0,0.0,0.0,0.0,0.0,0.0,0.0,0.0,0.0,0.0,0.0,0.0,0.0,0.0];9.465217590332031e-05
2-9;[0,4,14];[2,1,0,1,2,3,4,5,6,14,9];202.0;[0.0,4.0,14.0];34;22;[1.0,8.0,4.0,5.0,4.0,0.0,0.0,0.0,0.0,0.0,0.0,0.0,0.0,0.0,0.0,0.0,0.0,0.0,0.0,0.0];0.00011897087097167969
0-7;[5,2,12];[0,1,2,3,12,3,4,5,6,7];191.0;[2.0,12.0,5.0];49;31;[1.0,5.0,8.0,10.0,7.0,0.0,0.0,0.0,0.0,0.0,0.0,0.0,0.0,0.0,0.0,0.0,0.0,0.0,0.0,0.0];0.00012731552124023438
3-10;[13,12,4];[3,12,13,6,5,4,5,6,14,9,10];204.0;[12.0,13.0,4.0];54;40;[0.0,7.0,12.0,14.0,7.0,0.0,0.0,0.0,0.0,0.0,0.0,0.0,0.0,0.0,0.0,0.0,0.0,0.0,0.0,0.0];0.00013375282287597656
8-12;[5,9,14];[8,9,14,6,5,4,3,12];137.0;[9.0,14.0,5.0];45;32;[1.0,5.0,8.0,13.0,5.0,0.0,0.0,0.0,0.0,0.0,0.0,0.0,0.0,0.0,0.0,0.0,0.0,0.0,0.0,0.0];0.00012564659118652344
1-14;[2,12,11];[1,2,3,12,11,13,14];147.0;[2.0,12.0,11.0];27;15;[2.0,5.0,3.0,4.0,1.0,0.0,0.0,0.0,0.0,0.0,0.0,0.0,0.0,0.0,0.0,0.0,0.0,0.0,0.0,0.0];9.560585021972656e-05
0-9;[4,8,5];[0,1,2,3,4,5,6,14,9,8,9];197.0;[4.0,5.0,8.0];44;18;[2.0,4.0,2.0,3.0,7.0,0.0,0.0,0.0,0.0,0.0,0.0,0.0,0.0,0.0,0.0,0.0,0.0,0.0,0.0,0.0];9.202957153320312e-05
8-11;[1,13,12];[8,9,14,13,12,3,2,1,0,11];224.0;[13.0,12.0,1.0];66;29;[1.0,5.0,4.0,11.0,8.0,0.0,0.0,0.0,0.0,0.0,0.0,0.0,0.0,0.0,0.0,0.0,0.0,0.0,0.0,0.0];0.00010466575622558594
0-10;[13,8,4];[0,11,13,6,5,4,5,6,14,9,8,9,10];260.0;[13.0,4.0,8.0];43;18;[2.0,4.0,2.0,4.0,6.0,0.0,0.0,0.0,0.0,0.0,0.0,0.0,0.0,0.0,0.0,0.0,0.0,0.0,0.0,0.0];7.319450378417969e-05
3-7;[11,5,4];[3,12,11,12,3,4,5,6,7];197.0;[11.0,4.0,5.0];42;31;[0.0,10.0,7.0,10.0,4.0,0.0,0.0,0.0,0.0,0.0,0.0,0.0,0.0,0.0,0.0,0.0,0.0,0.0,0.0,0.0];8.082389831542969e-05
3-9;[7,5,13];[3,12,13,6,5,6,7,8,9];189.0;[13.0,5.0,7.0];65;38;[0.0,8.0,6.0,14.0,10.0,0.0,0.0,0.0,0.0,0.0,0.0,0.0,0.0,0.0,0.0,0.0,0.0,0.0,0.0,0.0];0.00010967254638671875
2-14;[10,9,13];[2,3,12,13,14,9,10,9,14];202.0;[13.0,10.0,9.0];68;41;[0.0,7.0,8.0,15.0,11.0,0.0,0.0,0.0,0.0,0.0,0.0,0.0,0.0,0.0,0.0,0.0,0.0,0.0,0.0,0.0];6.890296936035156e-05
10-12;[14,3,9];[10,9,14,6,5,4,3,12];147.0;[9.0,14.0,3.0];42;25;[1.0,7.0,5.0,5.0,7.0,0.0,0.0,0.0,0.0,0.0,0.0,0.0,0.0,0.0,0.0,0.0,0.0,0.0,0.0,0.0];0.00010538101196289062
7-12;[1,4,0];[7,6,5,4,3,2,1,0,1,2,3,12];234.0;[4.0,1.0,0.0];60;28;[1.0,6.0,3.0,7.0,11.0,0.0,0.0,0.0,0.0,0.0,0.0,0.0,0.0,0.0,0.0,0.0,0.0,0.0,0.0,0.0];8.797645568847656e-05
7-11;[4,10,9];[7,6,5,4,5,6,14,9,10,11];236.0;[4.0,9.0,10.0];50;36;[0.0,9.0,7.0,12.0,8.0,0.0,0.0,0.0,0.0,0.0,0.0,0.0,0.0,0.0,0.0,0.0,0.0,0.0,0.0,0.0];6.961822509765625e-05
9-12;[10,2,13];[9,10,9,14,13,12,3,2,3,12];213.0;[10.0,13.0,2.0];42;27;[1.0,7.0,4.0,7.0,8.0,0.0,0.0,0.0,0.0,0.0,0.0,0.0,0.0,0.0,0.0,0.0,0.0,0.0,0.0,0.0];0.00011181831359863281
1-6;[10,4,7];[1,2,3,4,5,6,14,9,10,9,8,7,6];264.0;[4.0,10.0,7.0];65;31;[1.0,5.0,4.0,10.0,11.0,0.0,0.0,0.0,0.0,0.0,0.0,0.0,0.0,0.0,0.0,0.0,0.0,0.0,0.0,0.0];7.557868957519531e-05
0-14;[13,9,5];[0,11,13,6,5,6,14,9,14];190.0;[13.0,5.0,9.0];47;16;[2.0,4.0,2.0,2.0,6.0,0.0,0.0,0.0,0.0,0.0,0.0,0.0,0.0,0.0,0.0,0.0,0.0,0.0,0.0,0.0];9.322166442871094e-05
9-11;[13,5,14];[9,14,6,5,6,13,11];132.0;[14.0,5.0,13.0];52;41;[0.0,7.0,12.0,15.0,7.0,0.0,0.0,0.0,0.0,0.0,0.0,0.0,0.0,0.0,0.0,0.0,0.0,0.0,0.0,0.0];9.274482727050781e-05
4-10;[9,2,14];[4,3,2,3,4,5,6,14,9,10];208.0;[2.0,14.0,9.0];65;43;[0.0,7.0,9.0,12.0,15.0,0.0,0.0,0.0,0.0,0.0,0.0,0.0,0.0,0.0,0.0,0.0,0.0,0.0,0.0,0.0];0.00010585784912109375
3-14;[8,2,9];[3,2,3,4,5,6,14,9,8,9,14];194.0;[2.0,8.0,9.0];58;35;[1.0,5.0,4.0,13.0,12.0,0.0,0.0,0.0,0.0,0.0,0.0,0.0,0.0,0.0,0.0,0.0,0.0,0.0,0.0,0.0];9.274482727050781e-05
2-6;[5,4,10];[2,3,4,5,6,14,9,10,9,14,6];214.0;[4.0,5.0,10.0];59;32;[0.0,9.0,7.0,7.0,9.0,0.0,0.0,0.0,0.0,0.0,0.0,0.0,0.0,0.0,0.0,0.0,0.0,0.0,0.0,0.0];9.298324584960938e-05
10-13;[0,9,5];[10,9,14,6,5,4,3,2,1,0,11,13];266.0;[9.0,5.0,0.0];66;42;[0.0,7.0,9.0,12.0,14.0,0.0,0.0,0.0,0.0,0.0,0.0,0.0,0.0,0.0,0.0,0.0,0.0,0.0,0.0,0.0];0.00012493133544921875
4-11;[1,12,9];[4,5,6,14,9,14,6,5,4,3,2,1,2,3,12,11];272.0;[9.0,1.0,12.0];61;46;[0.0,6.0,11.0,20.0,9.0,0.0,0.0,0.0,0.0,0.0,0.0,0.0,0.0,0.0,0.0,0.0,0.0,0.0,0.0,0.0];9.369850158691406e-05
4-8;[12,13,3];[4,3,12,13,14,9,8];169.0;[3.0,12.0,13.0];47;35;[0.0,8.0,12.0,11.0,4.0,0.0,0.0,0.0,0.0,0.0,0.0,0.0,0.0,0.0,0.0,0.0,0.0,0.0,0.0,0.0];0.00010657310485839844
0-5;[10,1,7];[0,1,0,11,10,9,8,7,6,5];290.0;[1.0,10.0,7.0];53;32;[1.0,6.0,3.0,10.0,12.0,0.0,0.0,0.0,0.0,0.0,0.0,0.0,0.0,0.0,0.0,0.0,0.0,0.0,0.0,0.0];8.893013000488281e-05
0-6;[12,5,10];[0,1,2,3,12,11,10,9,14,6,5,6];270.0;[12.0,10.0,5.0];50;25;[0.0,11.0,4.0,5.0,5.0,0.0,0.0,0.0,0.0,0.0,0.0,0.0,0.0,0.0,0.0,0.0,0.0,0.0,0.0,0.0];8.726119995117188e-05
1-13;[14,7,10];[1,2,3,4,5,6,7,8,9,10,9,14,13];286.0;[7.0,10.0,14.0];58;31;[0.0,9.0,7.0,9.0,6.0,0.0,0.0,0.0,0.0,0.0,0.0,0.0,0.0,0.0,0.0,0.0,0.0,0.0,0.0,0.0];8.487701416015625e-05
1-5;[7,11,10];[1,0,11,10,9,8,7,6,5];261.0;[11.0,10.0,7.0];61;35;[1.0,5.0,4.0,10.0,15.0,0.0,0.0,0.0,0.0,0.0,0.0,0.0,0.0,0.0,0.0,0.0,0.0,0.0,0.0,0.0];7.653236389160156e-05
12-14;[2,7,9];[12,3,2,3,4,5,6,7,8,9,14];213.0;[2.0,7.0,9.0];29;19;[2.0,5.0,1.0,6.0,5.0,0.0,0.0,0.0,0.0,0.0,0.0,0.0,0.0,0.0,0.0,0.0,0.0,0.0,0.0,0.0];6.651878356933594e-05
5-10;[4,1,9];[5,4,3,2,1,2,3,4,5,6,14,9,10];242.0;[4.0,1.0,9.0];43;32;[0.0,9.0,11.0,7.0,5.0,0.0,0.0,0.0,0.0,0.0,0.0,0.0,0.0,0.0,0.0,0.0,0.0,0.0,0.0,0.0];0.00010132789611816406
5-11;[3,6,10];[5,6,14,9,10,11,12,3,12,11];241.0;[6.0,10.0,3.0];53;37;[0.0,9.0,6.0,12.0,10.0,0.0,0.0,0.0,0.0,0.0,0.0,0.0,0.0,0.0,0.0,0.0,0.0,0.0,0.0,0.0];0.00011754035949707031
11-14;[13,4,12];[11,12,13,6,5,4,5,6,14];176.0;[12.0,13.0,4.0];50;26;[1.0,6.0,6.0,7.0,6.0,0.0,0.0,0.0,0.0,0.0,0.0,0.0,0.0,0.0,0.0,0.0,0.0,0.0,0.0,0.0];7.390975952148438e-05
8-13;[9,11,5];[8,9,14,6,5,6,13,11,13];186.0;[9.0,5.0,11.0];39;21;[2.0,4.0,2.0,5.0,8.0,0.0,0.0,0.0,0.0,0.0,0.0,0.0,0.0,0.0,0.0,0.0,0.0,0.0,0.0,0.0];7.462501525878906e-05
